1009
1055
988
932
988
852
830
884
780
838
972
973
998
960
917
865
975
883
965
988
970
1086
943
946
918
907
1046
1046
1088
1034
1016
1019
867
849
1064
981
1023
1058
1035
1010
1005
943
924
1006
943
968
1104
898
1011
1008
946
951
1037
921
934
1030
920
961
963
881
882
1035
1117
978
1041
1060
899
916
1041
895
912
971
970
935
1057
928
950
1002
978
921
984
963
980
953
1047
937
997
1054
1022
960
1045
988
916
1068
995
968
1050
1020
963
1050
1006
965
1090
1043
979
1083
986
1043
1095
911
900
1036
920
1001
1094
989
966
1003
963
954
1047
924
921
1018
957
931
1024
1015
989
1054
985
911
1015
911
901
1012
874
918
975
901
806
742
975
871
887
952
1044
895
902
1022
926
940
922
1024
891
938
1072
922
962
1042
1018
940
1024
1032
924
1012
993
915
992
936
909
1023
1017
927
913
968
844
844
1023
919
966
1077
946
905
996
1003
898
935
968
903
978
994
883
858
1020
881
915
934
908
914
889
997
903
936
1030
913
999
990
897
946
999
934
909
1024
1044
889
928
1049
1002
914
1057
907
923
1047
910
848
820
749
861
808
879
870
898
859
921
832
832
949
872
913
983
856
879
946
903
839
925
970
900
896
981
854
827
931
962
910
879
909
829
857
961
843
866
942
920
860
1028
1083
879
893
917
969
940
913
936
1014
849
836
959
982
844
1003
1058
910
940
977
811
