953
981
878
840
768
753
741
941
929
906
851
833
849
905
997
1058
1022
967
913
862
828
829
908
988
1030
1077
1038
1025
1018
969
942
875
802
831
912
996
959
960
983
982
916
874
839
880
1010
1056
999
970
926
909
883
837
802
820
912
995
975
958
940
929
848
802
813
847
919
991
980
974
925
858
816
809
825
949
1042
986
949
926
922
873
819
797
812
892
989
1003
964
924
870
822
783
787
840
924
1006
1014
990
934
889
844
791
778
829
935
1025
984
961
922
906
906
822
798
819
872
968
979
972
999
956
928
927
926
940
947
908
906
922
969
976
1028
1062
1008
1002
978
968
942
885
797
752
762
807
881
910
969
982
940
918
905
904
886
864
814
791
791
821
915
948
992
987
948
914
894
883
885
846
801
783
833
884
975
955
929
889
882
898
931
828
812
820
900
939
988
965
970
940
925
848
804
771
830
984
999
999
959
925
907
890
805
773
764
785
878
972
975
1004
942
880
834
796
824
840
786
775
786
747
871
978
977
978
918
855
831
913
948
964
991
1024
1005
945
906
873
894
945
918
862
850
893
995
1073
1072
1057
980
958
943
857
817
768
788
829
863
925
935
951
1003
937
899
882
882
911
886
828
759
755
784
916
931
930
912
908
862
801
803
821
887
978
993
933
902
869
856
835
767
749
