964
1017
1063
948
1100
913
899
856
877
1003
1017
953
864
950
943
1086
1178
1154
1182
1176
1176
1076
1005
1165
1148
1184
1157
1179
1161
1173
1119
968
1180
1166
1208
1196
1118
1118
1132
1106
1073
1043
991
916
832
804
934
1053
1017
874
1031
1151
1151
1179
1095
1057
1041
1036
983
940
831
841
924
1063
1074
1084
1031
999
940
897
861
817
766
749
878
962
932
889
841
816
750
734
767
965
970
930
885
863
872
889
811
746
744
847
921
947
880
838
809
839
868
825
813
882
1015
983
852
882
882
854
859
853
831
787
759
782
913
957
964
957
918
900
860
803
779
803
914
968
963
906
880
846
816
800
765
735
700
733
865
902
828
759
723
721
714
702
747
832
795
765
739
744
765
773
