850
826
832
836
815
782
798
809
749
691
669
693
872
840
817
767
755
767
787
727
780
819
797
736
716
739
845
882
831
770
745
719
714
731
770
800
840
824
820
779
719
686
692
787
871
869
837
804
779
780
795
784
758
683
614
620
608
614
602
601
594
587
574
571
569
566
588
619
626
595
592
588
633
627
619
604
602
616
620
605
602
600
638
658
677
721
790
836
758
710
701
718
739
708
672
652
719
896
846
803
742
697
672
678
689
674
703
804
848
826
772
712
675
592
671
635
642
654
662
688
705
693
682
694
675
648
648
636
702
638
624
603
616
642
711
758
753
739
720
686
668
664
687
697
692
691
695
760
803
800
833
752
728
713
674
644
639
622
616
629
689
700
750
751
742
718
678
665
715
796
854
812
756
761
759
783
810
818
815
799
811
802
773
768
769
845
824
792
800
838
853
787
747
736
735
710
725
770
750
767
754
786
763
772
759
738
716
697
702
720
724
744
754
763
722
669
647
629
657
689
701
747
796
782
751
738
743
745
713
709
709
724
747
788
833
811
761
729
707
721
698
689
689
674
687
794
830
848
823
770
705