849
828
749
680
651
652
707
807
784
818
853
820
801
769
729
720
661
750
785
705
682
675
668
636
629
628
641
648
644
644
664
679
686
715
739
749
734
745
748
753
724
752
765
763
818
856
819
820
767
717
695
705
775
790
855
847
812
820
809
752
696
669
772
903
895
865
839
834
823
787
807
847
900
885
955
947
906
850
837
781
755
846
909
873
944
905
818
844
827
767
772
797
783
800
847
866
847
875
851
788
754
803
853
851
857
905
847
808
781
769
739
758
807
846
841
883
879
794
813
804
748
778
783
720
687
686
907
882
861
819
774
708
669
644
628
686
788
824
818
839
875
834
803
752
734
741
794
785
743
776
801
789
755
789
770
731
733
736
727
762
803
814
756
768
773
786
753
748
754
774
760
768
787
801
769
741
761
774
772
764
791
806
779
820
838
833
786
837
849
835
803
838
850
838
831
832
801
780
806
814
797
862
873
839
834
842
825
764
766
786
772
770
802
806
741
742
727
725
720
787
810
804
816
780
731
745
712
725
730
742
727
738
746
736
731
730
757
747
714
727
775
747
730
806
874
823
833
821
788
725
723
741
783
738
761
797
805
767
803
804
765
731
787
781
764
761
749
705
705
683
664
653
633
650
655
685
725
759
723
754
742
706
660
642
601
633
612
599
598
583
584
580
577
578
578
580
575
565
557
554
552
543
532
532
530
555
582
666
710
729
850
805
882
807
735
703
685
746
600
601
593
598
599
587
584
573
564
555
547
553
566
570
582
582
606
606
632
678
691
696
662
651
660
643
621
613
610
603
622
638
630
663
667
659
645
624
639
659
650
646
640
652
655
636
631
655
667
655
652
667
665
649
625
612
646
662
635
630
609
600
590
592
593
597
612
605
598
598
595
584
575
590
602
615
721
778
749
738
791
784
743
750
795
776
792