841
877
872
865
773
717
720
746
775
938
894
870
924
938
856
927
1047
1096
1086
1115
1025
940
891
883
875
854
798
755
790
978
1041
991
954
885
818
779
801
861
857
799
755
813
984
1028
940
894
869
966
1002
970
908
960
1051
1098
1109
993
932
875
848
876
824
772
761
825
930
885
832
810
799
804
883
927
875
879
918
896
813
787
828
1038
986
886
844
861
866
804
776
786
892
865
852
860
807
760
747
825
931
880
851
830
811
789
773
715
756
866
812
798
805
832
846
1024
1020
931
867
817
807
792
756
757
823
970
860
805
772
741
725
734
879
897
813
738
694
719
769
800
863
908
834
782
803
802
833
788
799
881
1011
984
949
889
813
822
858
817
783
796
849
946
890
814
750
723
749
762
831
939
856
807
799
797
787
776
785
971
988
934
851
747
731
1084
937
991
995
1104
1084
964
910
873
986
1061
1045
1017
996
1069
949
889
862
817
860
907
846
817
840
891
990
1034
1023
896
832
818
1043
1050
1068
1086
1085
984
943
894
857
802
790
800
821
929
943
986
1033
1043
1003
966
909
839
807
858
957
1037
1049
1037
970
906
884
858
823
803
749
764
802
915
935
885
875
844
792
798
841
922
987
