    0.7590
    0.7560
    0.8420
    0.8330
    0.7850
    0.7470
    0.8230
    0.8910
    0.7780
    0.7360
    0.8560
    0.7520
    0.7870
    0.9170
    0.8830
    0.7860
    0.8040
    0.9380
    0.9340
    0.8300
    0.8310
    0.9640
    0.9670
    0.8240
    0.8250
    0.9110
    0.9790
    0.8650
    0.8480
    0.9440
    0.9930
    0.8950
    0.8370
    0.9310
    0.9880
    0.8650
    0.8390
    0.8910
    0.9850
    0.9050
    0.8370
    0.9630
    0.9920
    0.8660
    0.8540
    0.9560
    0.9830
    0.8510
    0.8600
    0.9700
    0.8380
    0.9420
    0.9870
    0.8890
    0.8260
    0.9180
    0.9920
    0.8890
    0.8490
    0.9070
    0.9920
    0.9430
    0.8380
    0.8850
    0.9890
    0.9520
    0.8360
    0.8640
    0.9730
    0.9770
    0.8610
    0.8670
    0.9790
    0.9950
    0.8740
    0.8720
    0.9380
    0.9880
    0.8950
    0.8220
    0.9100
    0.9910
    0.9320
    0.8380
    0.9020
    0.9910
    0.9510
    0.8430
    0.8840
    0.9790
    0.9650
    0.8520
    0.8750
    0.9830
    1.0000
    0.8880
    0.8700
    0.9730
    1.0110
    0.9040
    0.8480
    0.9390
    0.9890
    0.9100
    0.8330
    0.9050
    0.9810
    0.9290
    0.8330
    0.8860
    0.9730
    0.9340
    0.8300
    0.8640
    0.9590
    0.9500
    0.8310
    0.8320
    0.9280
    0.9530
    0.8560
    0.8370
    0.9320
    0.9710
    0.8810
    0.8340
    0.9070
    0.9520
    0.8920
    0.8490
    0.9050
    0.9280
    0.8800
    0.8900
    1.1440
    1.5250
    1.7030
    1.6450
    1.5770
    1.4760
    1.2570
    0.9710
    0.8520
    0.8940
    0.8950
    0.7940
    0.7670
    0.8560
    0.8950
    0.8100
    0.7580
    0.8320
    0.8840
    0.8160
    0.7370
    0.7950
    0.8680
    0.8340
    0.7500
    0.7940
    0.8800
    0.8630
    0.7690
    0.7890
    0.8810
    0.8860
    0.7890
    0.7770
    0.8630
    0.8910
    0.8040
    0.7690
    0.8470
    0.8870
    0.8120
    0.7540
    0.8120
    0.8630
    0.7970
    0.7330
    0.7820
    0.8510
    0.8220
    0.7400
    0.7740
    0.8530
    0.8450
    0.7610
    0.7720
    0.8460
    0.8570
    0.7800
    0.7800
    0.8570
    0.8920
    0.8310
    0.8090
    0.8840
    0.9260
    0.8710
    0.8280
    0.8840
    0.9390
    0.9030
    0.8410
    0.8810
    0.9410
    0.9250
    0.8570
    0.8780
    0.9390
    0.9290
    0.8610
    0.8730
    0.9430
    0.9500
    0.8800
    0.8630
    0.9280
    0.9570
    0.9000
    0.8660
    0.9190
    0.9570
    0.9140
    0.8700
    0.9140
    0.9540
    0.9200
    0.8630
    0.9000
    0.9540
    0.9340
    0.8620
    0.8720
    0.9260
    0.9290
    0.8680
    0.8620
    0.9030
    0.8910
    0.8380
    0.8520
    0.9940
    0.9310
    0.9200
    0.9630
    0.9660
    0.9030
    0.8700
    0.9140
    0.9440
    0.9140
    0.8830
    0.9210
    0.9540
    0.9310
    0.8850
    0.9090
    0.9460
    0.9390
    0.8900
    0.9050
    0.9510
    0.9570
    0.9080
    0.9040
    0.9420
    0.9500
    0.9100
    0.9020
    0.9540
    0.9810
    0.9520
    0.9300
    0.9590
    0.9650
    0.9250
    0.8750
    0.9040
    0.9400
    0.9210
    0.8900
    0.9180
    0.9620
    0.9560
    0.9090
    0.9230
    0.9650
    0.9610
    0.9060
    0.9080
    0.9580
    0.9720
    0.9300
    0.9100
    0.9440
    0.9600
    0.9210
    0.8960
    0.9330
    0.9560
    0.9210
    0.8850
    0.9220
    0.9510
    0.9310
    0.8800
    0.8950
    0.9330
    0.9370
    0.8940
    0.9000
    0.9390
    0.9400
    0.8890
    0.8890
    0.9310
    0.9430
    0.8980
    0.8820
    0.9180
    0.9300
    0.8790
    0.8450
    0.9030
    0.9620
    0.9200
    0.8370
    0.8770
    1.0220
    1.2580
    1.4930
    1.6930
    1.7380
    1.6430
    1.3950
    1.1780
    1.0410
    0.9340
    0.8310
    0.8060
    0.8490
    0.8670
    0.8220
    0.8020
    0.8390
    0.8580
    0.8230
    0.7900
    0.8200
    0.8400
    0.8120
    0.7750
    0.8070
    0.8410
    0.8280
    0.7820
    0.8010
    0.8420
    0.8470
    0.8020
    0.8130
    0.8570
    0.8670
    0.8180
    0.8100
    0.8490
    0.8610
    0.8170
    0.7990
    0.8350
    0.8540
    0.8140
    0.7810
    0.8110
    0.8390
    0.8130
    0.7670
    0.7910
    0.8220
    0.8050
    0.7590
    0.7760
    0.8170
    0.8190
    0.7740
    0.7850
    0.8310
    0.8460
    0.8060
    0.8090
    0.8560
    0.8810
    0.8510
    0.8430
    0.8850
    0.9100
    0.8830
    0.8560
    0.8880
    0.9200
    0.9030
    0.8670
    0.8930
    0.9280
    0.9210
    0.8790
    0.9000
    0.9290
    0.9250
    0.8780
    0.8870
    0.9340
    0.9430
    0.8950
    0.8850
    0.9250
    0.9440
    0.9090
    0.8920
    0.9310
    0.9540
    0.9240
    0.8930
    0.9220
    0.9460
    0.9280
    0.8890
    0.9140
    0.9390
    0.9300
    0.8850
    0.8970
    0.9340
    0.9320
    0.8810
    0.8830
    0.9200
    0.9290
    0.8900
    0.8870
    0.9280
    0.9450
    0.9070
    0.8870
    0.9220
    0.9410
    0.9120
    0.8790
    0.9100
    0.9400
    0.9230
    0.8800
    0.8960
    0.9220
    0.9180
    0.8760
    0.8930
    0.9320
    0.9310
    0.8860
    0.8880
    0.9280
    0.9380
    0.8930
    0.8850
    0.9250
    0.9400
    0.8990
    0.8720
    0.9000
    0.9190
    0.9000
    0.8760
    0.9090
    0.9390
    0.9260
    0.8830
    0.8950
    0.9250
    0.9210
    0.8820
    0.8960
    0.9340
    0.9320
    0.8740
    0.8710
    0.9100
    0.9260
    0.8920
    0.9360
    0.9260
    0.8820
    0.8890
    0.9260
    0.9350
    0.8920
    0.8900
    0.9270
    0.9450
    0.9070
    0.8960
    0.9240
    0.9370
    0.8980
    0.8700
    0.9000
    0.9250
    0.9080
    0.8710
    0.8900
    0.9170
    0.9090
    0.8660
    0.8750
    0.9070
    0.9140
    0.8730
    0.8790
    0.9100
    0.9170
    0.8750
    0.8710
    0.9050
    0.9190
    0.8810
    0.8570
    0.8800
    0.9110
    0.9010
    0.8640
    0.8360
    0.8360
    0.8900
    1.1480
    1.4280
    1.6980
    1.7210
    1.5900
    1.4020
    1.2120
    1.0370
    0.8800
    0.8290
    0.8350
    0.8290
    0.7830
    0.7790
    0.8190
    0.8370
    0.7940
    0.7780
    0.8140
    0.8340
    0.8030
    0.7770
    0.8060
    0.8260
    0.8030
    0.7680
    0.8020
    0.8300
    0.8220
    0.7830
    0.8030
    0.8380
    0.8280
    0.7780
    0.7870
    0.8260
    0.8350
    0.7890
    0.7820
    0.8160
    0.8300
    0.7930
    0.7780
    0.8090
    0.8270
    0.7890
    0.7620
    0.7810
    0.8060
    0.7840
    0.7430
    0.7690
    0.8150
    0.8110
    0.7680
    0.7810
    0.8180
    0.8230
    0.7790
    0.7830
    0.8270
    0.8520
    0.8250
    0.8290
    0.8730
    0.8910
    0.8580
    0.8410
    0.8750
    0.9010
    0.8730
    0.8460
    0.8710
    0.8970
    0.8780
    0.8400
    0.8600
    0.8900
    0.8810
    0.8440
    0.8630
    0.9040
    0.9120
    0.8690
    0.8690
    0.9010
    0.9100
    0.8700
    0.8630
    0.8950
    0.9100
    0.8780
    0.8600
    0.8960
    0.9190
    0.8920
    0.8630
    0.8890
    0.9170
    0.8980
    0.8530
    0.8720
    0.9000
    0.8880
    0.8500
    0.8660
    0.9060
    0.9140
    0.8740
    0.8770
    0.9080
    0.9170
    0.8750
    0.8680
    0.9080
    0.9280
    0.8960
    0.8760
    0.9100
    0.9310
    0.9060
    0.8780
    0.9030
    0.9280
    0.9140
    0.8720
    0.8860
    0.9170
    0.9170
    0.8780
    0.8910
    0.9250
    0.9280
    0.8800
    0.8810
    0.9170
    0.9250
    0.8790
    0.8670
    0.9000
    0.9200
    0.8950
    0.8850
    0.9220
    0.9520
    0.9320
    0.8980
    0.9170
    0.9360
    0.9130
    0.8720
    0.8910
    0.9280
    0.9340
    0.8960
    0.9040
    0.9270
    0.9280
    0.8830
    0.8800
    0.9110
    0.9180
    0.8710
    0.8650
    0.9030
    0.9210
    0.8860
    0.8580
    0.8850
    0.9100
    0.8920
    0.8610
    0.8810
    0.9070
    0.8940
    0.8580
    0.8760
    0.9100
    0.9120
    0.8740
    0.8810
    0.9100
    0.9110
    0.8550
    0.8410
    0.8970
    0.9400
    0.8890
    0.8210
    0.8490
    0.9680
    1.1650
    1.4690
    1.7020
    1.7230
    1.5710
    1.3160
    1.1210
    0.9920
    0.8870
    0.8050
    0.8000
    0.8290
    0.8350
    0.7980
    0.8430
    0.8290
    0.7950
    0.8090
    0.8360
    0.8370
    0.7940
    0.7990
    0.8350
    0.8450
    0.8030
    0.7930
    0.8300
    0.8520
    0.8230
    0.8090
    0.8380
    0.8580
    0.8330
    0.8080
    0.8350
    0.8560
    0.8390
    0.8100
    0.8340
    0.8640
    0.8530
    0.8140
    0.8250
    0.8520
    0.8530
    0.8080
    0.8100
    0.8380
    0.8500
    0.8100
    0.7990
    0.8270
    0.8430
    0.8120
    0.7970
    0.8310
    0.8550
    0.8370
    0.8170
    0.8590
    0.8890
    0.8830
    0.8630
    0.8890
    0.9180
    0.9170
    0.8880
    0.9000
    0.9300
    0.9340
    0.8940
    0.8930
    0.9210
    0.9270
    0.8830
    0.8710
    0.9040
    0.9250
    0.8920
    0.8740
    0.9010
    0.9240
    0.9010
    0.8710
    0.8910
    0.9110
    0.8970
    0.8620
    0.8800
    0.9130
    0.9150
    0.8850
    0.8990
    0.9270
    0.9310
    0.8880
    0.8880
    0.9210
    0.9320
    0.8900
    0.8790
    0.9100
    0.9260
    0.8920
    0.8700
    0.8950
    0.9130
    0.8930
    0.8720
    0.8980
    0.9220
    0.9070
    0.8730
    0.8890
    0.9200
    0.9190
    0.8800
    0.8930
    0.9250
    0.9280
    0.8850
    0.8840
    0.9170
    0.9290
    0.8910
    0.8840
    0.9150
    0.9280
    0.8950
    0.8710
    0.9000
    0.9210
    0.9000
    0.8730
    0.8970
    0.9260
    0.9190
    0.8880
    0.9040
    0.9320
    0.9280
    0.8840
    0.8900
    0.9180
    0.9210
    0.8780
    0.8810
    0.9150
    0.9320
    0.8990
    0.8920
    0.9260
    0.9440
    0.9090
    0.8830
    0.9100
    0.9340
    0.9180
    0.8930
    0.9180
    0.9420
    0.9300
    0.8920
    0.9060
    0.9300
    0.9270
    0.8810
    0.8860
    0.9220
    0.9310
    0.8940
    0.8890
    0.9140
    0.9190
    0.8770
    0.8650
    0.8960
    0.9150
    0.8870
    0.8680
    0.8980
    0.9180
    0.8950
    0.8630
    0.8880
    0.9130
    0.9040
    0.8650
    0.8660
    0.8940
    0.9230
    0.9020
    0.8750
    0.8670
    0.9260
    1.0370
    1.3170
    1.6530
    1.7490
    1.6790
    1.4900
    1.2830
    1.0970
    0.9280
    0.8310
    0.8300
    0.8450
    0.8310
    0.8040
    0.8270
    0.8480
    0.8370
    0.7980
    0.8080
    0.8290
    0.8190
    0.7720
    0.7740
    0.8160
    0.8400
    0.8070
    0.8100
    0.8470
    0.8620
    0.8260
    0.8120
    0.8430
    0.8620
    0.8350
    0.8120
    0.8350
    0.8570
    0.8390
    0.8070
    0.8240
    0.8500
    0.8410
    0.7990
    0.8130
    0.8430
    0.8410
    0.7930
    0.7920
    0.8210
    0.8280
    0.7860
    0.7820
    0.8160
    0.8340
    0.8050
    0.7920
    0.8240
    0.8450
    0.8260
    0.8120
    0.8440
    0.8730
    0.8670
    0.8440
    0.8760
    0.9120
    0.9090
    0.9050
    0.9180
    0.8890
    0.8780
    0.9110
    0.9310
    0.9050
    0.8780
    0.9020
    0.9250
    0.9100
    0.8790
    0.8970
    0.9250
    0.9210
    0.8810
    0.8920
    0.9230
    0.9280
    0.8890
    0.8890
    0.9170
    0.9270
    0.8910
    0.8850
    0.9160
    0.9310
    0.8990
    0.8820
    0.9110
    0.9330
    0.9140
    0.8890
    0.9160
    0.9340
    0.9190
    0.8820
    0.8980
    0.9240
    0.9180
    0.8770
    0.8890
    0.9190
    0.9240
    0.8830
    0.8830
    0.9130
    0.9250
    0.8890
    0.8800
    0.9130
    0.9260
    0.8950
    0.8830
    0.9110
    0.9330
    0.9090
    0.8890
    0.9160
    0.9420
    0.9310
    0.8940
    0.9090
    0.9320
    0.9200
    0.8730
    0.8830
    0.9230
    0.9330
    0.8900
    0.8860
    0.9160
    0.9270
    0.8870
    0.8730
    0.9080
    0.9300
    0.9000
    0.8770
    0.9070
    0.9380
    0.9240
    0.8970
    0.9200
    0.9470
    0.9310
    0.8930
    0.9020
    0.9250
    0.9240
    0.8880
    0.9020
    0.9360
    0.9430
    0.8980
    0.8940
    0.9250
    0.9370
    0.8990
    0.8890
    0.9140
    0.9260
    0.8970
    0.8830
    0.9170
    0.9380
    0.9110
    0.8780
    0.8990
    0.9250
    0.9110
    0.8800
    0.8940
    0.9240
    0.9210
    0.8790
    0.8870
    0.9160
    0.9220
    0.8840
    0.8810
    0.9040
    0.9010
    0.8730
    0.8920
    0.9230
    0.8940
    0.8420
    0.9000
    1.1220
    1.4520
    1.6900
    1.7270
    1.6630
    1.4920
    1.2490
    1.0010
    0.9070
    0.8720
    0.8500
    0.8010
    0.8080
    0.8390
    0.8460
    0.8090
    0.8050
    0.8340
    0.8380
    0.7960
    0.7790
    0.8100
    0.8290
    0.8000
    0.7800
    0.8120
    0.8380
    0.8200
    0.7870
    0.8050
    0.8350
    0.8320
    0.7990
    0.8160
    0.8480
    0.8500
    0.8080
    0.8130
    0.8460
    0.8540
    0.8120
    0.8050
    0.8340
    0.8460
    0.8060
    0.7910
    0.8170
    0.8350
    0.8040
    0.7800
    0.8050
    0.8250
    0.8050
    0.7720
    0.7950
    0.8260
    0.8210
    0.7850
    0.8040
    0.8430
    0.8530
    0.8210
    0.8380
    0.8810
    0.9010
    0.8670
    0.8640
    0.8960
    0.9150
    0.8850
    0.8740
    0.9040
    0.9180
    0.8890
    0.8700
    0.9030
    0.9310
    0.9150
    0.8810
    0.8990
    0.9280
    0.9210
    0.8820
    0.8950
    0.9260
    0.9240
    0.8840
    0.8900
    0.9240
    0.9310
    0.8920
    0.8910
    0.9270
    0.9410
    0.9050
    0.8890
    0.9190
    0.9370
    0.9080
    0.8820
    0.9070
    0.9320
    0.9180
    0.8870
    0.9090
    0.9350
    0.9280
    0.8890
    0.8970
    0.9240
    0.9190
    0.8780
    0.8830
    0.9220
    0.9340
    0.8980
    0.8910
    0.9210
    0.9340
    0.8980
    0.9210
    0.9290
    0.8910
    0.8890
    0.9210
    0.9330
    0.8960
    0.8830
    0.9130
    0.9350
    0.9070
    0.8820
    0.9110
    0.9340
    0.9160
    0.8830
    0.9010
    0.9250
    0.9130
    0.8770
    0.8950
    0.9320
    0.9360
    0.8950
    0.9010
    0.9340
    0.9440
    0.9070
    0.9060
    0.9350
    0.9400
    0.8990
    0.8850
    0.9210
    0.9430
    0.9180
    0.8960
    0.9210
    0.9400
    0.9170
    0.8780
    0.9000
    0.9260
    0.9170
    0.8780
    0.8930
    0.9250
    0.9250
    0.8800
    0.8780
    0.9050
    0.9110
    0.8700
    0.8660
    0.9000
    0.9180
    0.8780
    0.8670
    0.9000
    0.9180
    0.8760
    0.8640
    0.8940
    0.9220
    0.8960
    0.8540
    0.8910
    0.9440
    0.9250
    0.8330
    0.8260
    0.9390
    1.1390
    1.4140
    1.6630
    1.7420
    1.6820
    1.4490
    1.2080
    1.0480
    0.9360
    0.8360
    0.7950
    0.8210
    0.8490
    0.8310
    0.8050
    0.8240
    0.8450
    0.8270
    0.7930
    0.8090
    0.8300
    0.8200
    0.7790
    0.7900
    0.8230
    0.8270
    0.7900
    0.7980
    0.8340
    0.8450
    0.8100
    0.8070
    0.8380
    0.8500
    0.8130
    0.7920
    0.8230
    0.8440
    0.8200
    0.7930
    0.8180
    0.8410
    0.8240
    0.7850
    0.8000
    0.8320
    0.8250
    0.7820
    0.7870
    0.8170
    0.8210
    0.7790
    0.7780
    0.8090
    0.8190
    0.7830
    0.7780
    0.8160
    0.8380
    0.8130
    0.8020
    0.8440
    0.8770
    0.8650
    0.8470
    0.8780
    0.9050
    0.8920
    0.8590
    0.8760
    0.9100
    0.9070
    0.8720
    0.8860
    0.9180
    0.9230
    0.8790
    0.8790
    0.9130
    0.9220
    0.8850
    0.8740
    0.9040
    0.9200
    0.8890
    0.8690
    0.8960
    0.9180
    0.8980
    0.8710
    0.8960
    0.9250
    0.9140
    0.8760
    0.8910
    0.9190
    0.9160
    0.8710
    0.8790
    0.9130
    0.9220
    0.8830
    0.8840
    0.9170
    0.9260
    0.8870
    0.8740
    0.9060
    0.9180
    0.8860
    0.8690
    0.9030
    0.9280
    0.9070
    0.8760
    0.8980
    0.9230
    0.9110
    0.8730
    0.8890
    0.9180
    0.9140
    0.8690
    0.8780
    0.9160
    0.9290
    0.8870
    0.8810
    0.9100
    0.9240
    0.8880
    0.8760
    0.9090
    0.9300
    0.9010
    0.8770
    0.9030
    0.9230
    0.9020
    0.8720
    0.8930
    0.9210
    0.9140
    0.8790
    0.8920
    0.9250
    0.9290
    0.8890
    0.8960
    0.9230
    0.9330
    0.8960
    0.8990
    0.9370
    0.9510
    0.9080
    0.8910
    0.9180
    0.9350
    0.9000
    0.8720
    0.9000
    0.9210
    0.9100
    0.8850
    0.9030
    0.9250
    0.9120
    0.8710
    0.8830
    0.9160
    0.9220
    0.8820
    0.8830
    0.9080
    0.9120
    0.8870
    0.9100
    0.8960
    0.8690
    0.8790
    0.8850
    0.8850
    0.8780
    0.8990
    0.8810
    0.8420
    0.8510
    1.2580
    1.4430
    1.6670
    1.7080
    1.6290
    1.4560
    1.2320
    1.0350
    0.9060
    0.8700
    0.8610
    0.8310
    0.8100
    0.8380
    0.8650
    0.8450
    0.8050
    0.8160
    0.8410
    0.8340
    0.7930
    0.8040
    0.8340
    0.8370
    0.8020
    0.8100
    0.8500
    0.8650
    0.8270
    0.8190
    0.8500
    0.8630
    0.8270
    0.8130
    0.8430
    0.8640
    0.8390
    0.8100
    0.8330
    0.8570
    0.8430
    0.8090
    0.8270
    0.8530
    0.8470
    0.8060
    0.8130
    0.8410
    0.8410
    0.8010
    0.8050
    0.8370
    0.8450
    0.8020
    0.7930
    0.8270
    0.8490
    0.8230
    0.8110
    0.8440
    0.8710
    0.8550
    0.8390
    0.8700
    0.9010
    0.8940
    0.8670
    0.8850
    0.9150
    0.9140
    0.8750
    0.8850
    0.9140
    0.9210
    0.8800
    0.8810
    0.9170
    0.9310
    0.8930
    0.8810
    0.9130
    0.9340
    0.9070
    0.8890
    0.9140
    0.9300
    0.9110
    0.8870
    0.9130
    0.9370
    0.9200
    0.8810
    0.9000
    0.9290
    0.9280
    0.8900
    0.8980
    0.9290
    0.9320
    0.8910
    0.8880
    0.9170
    0.9270
    0.8910
    0.8830
    0.9140
    0.9300
    0.8970
    0.8760
    0.9040
    0.9250
    0.9060
    0.8840
    0.9070
    0.9310
    0.9200
    0.8840
    0.8990
    0.9290
    0.9320
    0.8940
    0.8990
    0.9280
    0.9330
    0.8910
    0.8890
    0.9230
    0.9370
    0.9030
    0.8950
    0.9260
    0.9430
    0.9120
    0.8940
    0.9190
    0.9380
    0.9210
    0.8950
    0.9230
    0.9460
    0.9360
    0.9030
    0.9170
    0.9430
    0.9410
    0.9040
    0.9150
    0.9510
    0.9650
    0.9290
    0.9230
    0.9470
    0.9570
    0.9180
    0.9070
    0.9380
    0.9530
    0.9240
    0.9030
    0.9320
    0.9530
    0.9280
    0.8920
    0.9080
    0.9360
    0.9280
    0.8930
    0.9090
    0.9380
    0.9370
    0.8980
    0.9030
    0.9380
    0.9480
    0.9100
    0.9070
    0.9350
    0.9410
    0.8860
    0.8720
    0.9350
    0.9700
    0.9010
    0.8330
    0.8980
    1.0670
    1.3250
    1.6000
    1.7400
    1.7310
    1.5850
    1.3230
    1.1150
    0.9890
    0.9040
    0.8280
    0.8190
    0.8490
    0.8600
    0.8210
    0.8140
    0.8450
    0.8610
    0.8200
    0.7980
    0.8260
    0.8420
    0.8160
    0.7950
    0.8270
    0.8530
    0.8340
    0.8000
    0.8190
    0.8470
    0.8370
    0.8030
    0.8200
    0.8520
    0.8520
    0.8080
    0.8120
    0.8450
    0.8520
    0.8080
    0.8040
    0.8370
    0.8510
    0.8110
    0.7870
    0.8130
    0.8340
    0.8160
    0.7960
    0.8240
    0.8480
    0.8270
    0.8230
    0.8440
    0.8220
    0.7990
    0.8290
    0.8600
    0.8540
    0.8250
    0.8520
    0.8860
    0.8850
    0.8460
    0.8640
    0.9070
    0.9210
    0.8800
    0.8810
    0.9150
    0.9220
    0.8840
    0.8950
    0.9230
    0.9400
    0.9070
    0.8930
    0.9280
    0.9490
    0.9210
    0.8890
    0.9130
    0.9350
    0.9160
    0.8780
    0.9010
    0.9380
    0.9360
    0.8900
    0.9020
    0.9360
    0.9380
    0.8940
    0.8950
    0.9250
    0.9330
    0.8920
    0.8870
    0.9210
    0.9420
    0.9090
    0.8930
    0.9210
    0.9400
    0.9150
    0.8850
    0.9200
    0.9450
    0.9290
    0.8900
    0.9090
    0.9360
    0.9290
    0.8850
    0.8960
    0.9300
    0.9360
    0.8910
    0.8930
    0.9270
    0.9340
    0.8940
    0.8860
    0.9230
    0.9400
    0.9070
    0.8840
    0.9070
    0.9290
    0.9070
    0.8730
    0.8930
    0.9250
    0.9190
    0.8930
    0.9100
    0.9370
    0.9320
    0.8880
    0.8970
    0.9350
    0.9480
    0.9100
    0.9070
    0.9380
    0.9510
    0.9090
    0.8940
    0.9260
    0.9510
    0.9260
    0.9070
    0.9300
    0.9440
    0.9170
    0.8810
    0.9030
    0.9340
    0.9230
    0.8790
    0.8880
    0.9200
    0.9290
    0.8880
    0.8850
    0.9100
    0.9140
    0.8760
    0.8750
    0.9090
    0.9270
    0.8930
    0.8780
    0.9080
    0.9250
    0.8930
    0.8680
    0.8960
    0.9240
    0.9080
    0.8650
    0.8710
    0.9160
    0.9370
    0.8810
    0.8440
    0.8750
    0.9810
    1.1570
    1.4780
    1.7250
    1.7430
    1.6240
    1.4070
    1.2050
    1.0360
    0.8840
    0.8110
    0.8170
    0.8310
    0.8100
    0.7900
    0.8140
    0.8380
    0.8210
    0.7800
    0.7950
    0.8170
    0.8110
    0.7690
    0.7840
    0.8160
    0.8240
    0.7840
    0.7860
    0.8200
    0.8340
    0.7940
    0.7850
    0.8110
    0.8270
    0.7980
    0.7840
    0.8130
    0.8380
    0.8150
    0.7860
    0.8050
    0.8290
    0.8160
    0.7800
    0.7910
    0.8190
    0.8160
    0.7760
    0.7910
    0.8140
    0.8160
    0.7750
    0.7740
    0.8020
    0.8200
    0.7840
    0.7790
    0.8110
    0.8320
    0.8080
    0.7980
    0.8360
    0.8660
    0.8590
    0.8460
    0.8720
    0.9000
    0.8920
    0.8600
    0.8870
    0.9200
    0.9180
    0.8760
    0.8830
    0.9140
    0.9200
    0.8810
    0.8840
    0.9200
    0.9320
    0.8940
    0.8830
    0.9140
    0.9300
    0.8980
    0.8770
    0.9020
    0.9260
    0.9070
    0.8850
    0.9080
    0.9290
    0.9170
    0.8820
    0.9020
    0.9310
    0.9310
    0.8920
    0.9030
    0.9330
    0.9330
    0.8810
    0.8810
    0.9240
    0.9430
    0.9100
    0.9000
    0.9280
    0.9430
    0.9130
    0.8930
    0.9190
    0.9360
    0.8940
    0.9280
    0.9320
    0.8910
    0.8930
    0.9210
    0.9310
    0.8920
    0.8910
    0.9250
    0.9420
    0.9030
    0.8880
    0.9180
    0.9420
    0.9130
    0.8800
    0.9020
    0.9330
    0.9260
    0.8940
    0.9080
    0.9330
    0.9210
    0.8770
    0.8960
    0.9210
    0.9270
    0.8890
    0.8960
    0.9340
    0.9470
    0.9070
    0.8980
    0.9250
    0.9390
    0.9020
    0.8920
    0.9180
    0.9380
    0.9140
    0.8900
    0.9180
    0.9450
    0.9320
    0.8940
    0.9070
    0.9330
    0.9260
    0.8820
    0.8920
    0.9210
    0.9260
    0.8870
    0.8820
    0.9040
    0.9140
    0.8810
    0.8720
    0.9070
    0.9240
    0.8850
    0.8680
    0.8990
    0.9260
    0.9080
    0.8830
    0.9060
    0.9280
    0.9170
    0.8760
    0.8870
    0.9070
    0.8880
    0.8490
    0.8890
    0.9350
    0.9030
    0.8290
    0.8850
    1.0860
    1.3890
    1.6350
    1.7230
    1.7050
    1.5520
    1.2870
    1.0410
    0.9400
    0.8850
    0.8360
    0.8000
    0.8240
    0.8570
    0.8480
    0.8090
    0.8180
    0.8410
    0.8370
    0.7910
    0.7920
    0.8200
    0.8250
    0.7880
    0.7900
    0.8250
    0.8370
    0.8020
    0.7910
    0.8250
    0.8450
    0.8200
    0.7990
    0.8330
    0.8500
    0.8300
    0.7910
    0.8060
    0.8280
    0.8200
    0.7870
    0.8050
    0.8340
    0.8340
    0.7910
    0.7900
    0.8200
    0.8260
    0.7870
    0.7800
    0.8100
    0.8200
    0.7830
    0.7690
    0.7940
    0.8160
    0.7920
    0.7690
    0.8020
    0.8380
    0.8340
    0.8140
    0.8450
    0.8810
    0.8840
    0.8550
    0.8770
    0.9140
    0.9180
    0.8770
    0.8850
    0.9210
    0.9310
    0.8900
    0.8820
    0.9110
    0.9220
    0.8890
    0.8740
    0.9060
    0.9240
    0.8990
    0.8780
    0.9060
    0.9290
    0.9130
    0.8850
    0.9110
    0.9410
    0.9310
    0.8890
    0.9010
    0.9380
    0.9430
    0.8970
    0.8960
    0.9280
    0.9350
    0.8950
    0.8910
    0.9250
    0.9390
    0.9050
    0.8910
    0.9260
    0.9430
    0.9090
    0.8820
    0.9070
    0.9290
    0.9100
    0.8810
    0.8980
    0.9220
    0.9120
    0.8730
    0.8870
    0.9240
    0.9290
    0.8870
    0.8850
    0.9180
    0.9280
    0.8920
    0.8860
    0.9180
    0.9350
    0.9040
    0.8860
    0.9130
    0.9310
    0.9090
    0.8840
    0.9090
    0.9340
    0.9190
    0.8810
    0.9000
    0.9330
    0.9310
    0.8900
    0.9010
    0.9320
    0.9330
    0.8920
    0.8920
    0.9250
    0.9340
    0.8940
    0.8870
    0.9210
    0.9390
    0.9100
    0.8940
    0.9260
    0.9460
    0.9200
    0.8920
    0.9190
    0.9470
    0.9320
    0.8960
    0.9170
    0.9480
    0.9470
    0.9080
    0.9230
    0.9580
    0.9570
    0.9180
    0.9530
    0.9550
    0.9180
    0.9310
    0.9620
    0.9640
    0.9210
    0.9220
    0.9600
    0.9670
    0.9220
    0.9060
    0.9420
    0.9590
    0.9260
    0.9030
    0.9340
    0.9500
    0.9280
    0.8990
    0.9230
    0.9460
    0.9320
    0.8940
    0.9140
    0.9450
    0.9420
    0.8960
    0.9040
    0.9410
    0.9370
    0.8900
    0.8830
    0.9380
    0.9820
    0.9420
    0.8840
    0.9020
    1.0040
    1.1740
    1.4610
    1.7200
    1.7520
    1.6960
    1.5000
    1.2840
    1.1070
    0.9600
    0.8520
    0.8390
    0.8660
    0.8690
    0.8340
    0.8370
    0.8640
    0.8660
    0.8200
    0.8130
    0.8440
    0.8560
    0.8150
    0.7970
    0.8300
    0.8530
    0.8330
    0.8140
    0.8450
    0.8690
    0.8470
    0.8200
    0.8490
    0.8780
    0.8590
    0.8120
    0.8200
    0.8510
    0.8450
    0.7990
    0.8070
    0.8430
    0.8560
    0.8170
    0.8110
    0.8430
    0.8520
    0.8120
    0.7940
    0.8240
    0.8430
    0.8160
    0.7940
    0.8180
    0.8360
    0.8090
    0.7800
    0.8050
    0.8370
    0.8310
    0.7990
    0.8260
    0.8680
    0.8800
    0.8500
    0.8640
    0.9050
    0.9140
    0.8730
    0.8700
    0.9030
    0.9190
    0.8840
    0.8750
    0.9130
    0.9360
    0.9020
    0.8720
    0.9000
    0.9260
    0.9050
    0.8740
    0.9010
    0.9350
    0.9270
    0.8890
    0.9040
    0.9380
    0.9400
    0.8940
    0.8970
    0.9290
    0.9390
    0.9020
    0.8970
    0.9290
    0.9420
    0.9050
    0.8880
    0.9160
    0.9370
    0.9070
    0.8810
    0.9110
    0.9420
    0.9280
    0.8930
    0.9120
    0.9350
    0.9240
    0.8840
    0.8950
    0.9250
    0.9300
    0.8900
    0.8980
    0.9330
    0.9440
    0.9060
    0.9000
    0.9340
    0.9460
    0.9080
    0.8840
    0.9130
    0.9280
    0.9040
    0.8810
    0.9110
    0.9370
    0.9180
    0.8780
    0.8970
    0.9200
    0.9120
    0.8720
    0.8840
    0.9190
    0.9310
    0.8960
    0.8960
    0.9230
    0.9270
    0.8840
    0.8740
    0.9070
    0.9230
    0.8920
    0.8740
    0.9030
    0.9250
    0.9000
    0.8710
    0.8940
    0.9210
    0.9120
    0.8800
    0.9010
    0.9270
    0.9190
    0.8800
    0.8910
    0.9210
    0.9200
    0.8780
    0.8850
    0.9280
    0.9460
    0.9050
    0.8940
    0.9200
    0.9300
    0.9000
    0.8820
    0.9060
    0.9210
    0.8980
    0.8700
    0.8940
    0.9140
    0.8920
    0.8480
    0.8660
    0.9000
    0.8990
    0.8610
    0.8670
    0.9000
    0.9060
    0.8630
    0.8600
    0.8940
    0.9070
    0.8700
    0.8580
    0.8890
    0.8900
    0.8400
    0.8340
    0.8950
    0.9010
    0.8280
    0.7990
    0.9270
    1.1810
    1.4970
    1.6670
    1.7090
    1.6320
    0.9650
    0.9300
    0.8730
    0.8210
    0.7810
    0.8030
    0.8340
    0.8260
    0.7840
    0.7890
    0.8120
    0.8050
    0.7580
    0.7620
    0.7880
    0.8000
    0.7650
    0.7690
    0.8050
    0.8200
    0.7870
    0.7760
    0.8080
    0.8240
    0.7970
    0.7760
    0.8080
    0.8330
    0.8110
    0.7750
    0.7900
    0.8180
    0.8140
    0.7730
    0.7820
    0.8140
    0.8170
    0.7730
    0.7710
    0.7980
    0.8050
    0.7620
    0.7560
    0.7980
    0.8090
    0.7760
    0.7590
    0.7890
    0.8130
    0.7900
    0.7710
    0.8110
    0.8400
    0.8330
    0.8070
    0.8310
    0.8630
    0.8670
    0.8400
    0.8600
    0.8950
    0.9000
    0.8650
    0.8740
    0.9120
    0.9210
    0.8770
    0.8640
    0.8980
    0.9170
    0.8820
    0.8720
    0.9030
    0.9280
    0.9010
    0.8740
    0.8960
    0.9160
    0.8980
    0.8690
    0.8910
    0.9200
    0.9140
    0.8730
    0.8880
    0.9230
    0.9240
    0.8790
    0.8840
    0.9190
    0.9260
    0.8900
    0.8800
    0.9120
    0.9230
    0.8830
    0.8610
    0.8910
    0.9160
    0.8970
    0.8720
    0.8980
    0.9220
    0.9040
    0.8770
    0.9000
    0.9290
    0.9250
    0.8870
    0.8960
    0.9250
    0.9240
    0.8750
    0.8790
    0.9170
    0.9300
    0.8900
    0.8780
    0.9140
    0.9310
    0.8980
    0.8780
    0.9060
    0.9270
    0.9050
    0.8790
    0.9050
    0.9300
    0.9190
    0.8830
    0.9040
    0.9320
    0.9270
    0.8850
    0.8930
    0.9200
    0.9240
    0.8810
    0.8820
    0.9180
    0.9320
    0.8950
    0.8870
    0.9210
    0.9400
    0.9100
    0.8950
    0.9290
    0.9500
    0.9280
    0.8960
    0.9200
    0.9450
    0.9340
    0.9010
    0.9260
    0.9520
    0.9510
    0.9040
    0.9050
    0.9340
    0.9430
    0.9070
    0.9070
    0.9340
    0.9360
    0.8970
    0.8880
    0.9200
    0.9360
    0.9030
    0.8790
    0.9070
    0.9300
    0.9120
    0.8800
    0.9000
    0.9250
    0.9190
    0.8860
    0.9040
    0.9330
    0.9250
    0.8830
    0.8870
    0.9090
    0.8920
    0.8540
    0.8840
    0.9280
    0.9030
    0.8490
    0.9140
    1.1420
    1.4590
    1.6910
    1.7340
    1.6870
    1.5120
    1.2560
    1.0270
    0.9230
    0.8830
    0.8440
    0.7990
    0.8170
    0.8560
    0.8520
    0.8080
    0.8100
    0.8410
    0.8440
    0.8010
    0.7940
    0.8240
    0.8340
    0.7960
    0.7870
    0.8260
    0.8490
    0.8200
    0.7950
    0.8240
    0.8490
    0.8300
    0.7980
    0.8220
    0.8490
    0.8370
    0.7950
    0.8110
    0.8390
    0.8370
    0.7930
    0.7990
    0.8310
    0.8360
    0.7960
    0.7930
    0.8260
    0.8300
    0.7880
    0.7730
    0.8030
    0.8170
    0.7880
    0.7690
    0.7990
    0.8250
    0.7790
    0.8120
    0.8430
    0.8340
    0.8160
    0.8500
    0.8840
    0.8840
    0.8520
    0.8780
    0.9160
    0.9210
    0.8830
    0.8950
    0.9300
    0.9290
    0.8790
    0.8720
    0.9120
    0.9360
    0.9070
    0.8960
    0.9240
    0.9420
    0.9150
    0.8910
    0.9130
    0.9330
    0.9130
    0.8810
    0.9060
    0.9370
    0.9310
    0.8950
    0.9090
    0.9380
    0.9380
    0.8950
    0.9000
    0.9300
    0.9310
    0.8790
    0.8820
    0.9220
    0.9390
    0.9060
    0.8960
    0.9350
    0.9570
    0.9270
    0.9000
    0.9270
    0.9530
    0.9340
    0.8950
    0.9130
    0.9390
    0.9290
    0.8890
    0.9020
    0.9300
    0.9290
    0.8840
    0.8890
    0.9240
    0.9280
    0.8800
    0.8720
    0.9170
    0.9390
    0.9040
    0.8860
    0.9210
    0.9440
    0.9160
    0.8850
    0.9080
    0.9340
    0.9200
    0.8920
    0.9150
    0.9420
    0.9280
    0.8890
    0.9090
    0.9360
    0.9310
    0.8830
    0.8910
    0.9330
    0.9470
    0.9030
    0.8910
    0.9260
    0.9440
    0.9080
    0.8880
    0.9190
    0.9440
    0.9190
    0.8930
    0.9260
    0.9560
    0.9400
    0.9070
    0.9250
    0.9460
    0.9250
    0.8750
    0.8850
    0.9210
    0.9180
    0.8740
    0.8880
    0.9320
    0.9370
    0.8890
    0.8740
    0.9080
    0.9250
    0.8920
    0.8800
    0.9140
    0.9310
    0.8970
    0.8720
    0.9020
    0.9270
    0.9070
    0.8700
    0.8920
    0.9230
    0.9070
    0.8390
    0.8420
    0.8990
    0.9160
    0.8460
    0.8150
    0.9080
    1.0840
    1.3190
    1.6140
    1.7520
    1.7380
    1.5890
    1.3430
    1.1490
    1.0000
    0.8730
    0.8020
    0.8180
    0.8520
    0.8400
    0.8070
    0.8280
    0.8530
    0.8360
    0.7800
    0.7830
    0.8110
    0.8060
    0.7620
    0.7720
    0.8190
    0.8330
    0.7940
    0.7860
    0.8240
    0.8380
    0.8050
    0.7850
    0.8120
    0.8300
    0.8060
    0.7830
    0.8160
    0.8430
    0.8250
    0.7820
    0.7970
    0.8230
    0.8140
    0.7710
    0.7840
    0.8170
    0.8180
    0.7670
    0.7660
    0.8020
    0.8130
    0.7680
    0.7580
    0.7940
    0.8130
    0.7820
    0.7650
    0.8010
    0.8300
    0.8120
    0.7890
    0.8230
    0.8580
    0.8520
    0.8230
    0.8470
    0.8830
    0.8860
    0.8510
    0.8670
    0.9020
    0.9070
    0.8610
    0.8690
    0.9030
    0.9130
    0.8740
    0.8660
    0.9050
    0.9300
    0.9020
    0.8810
    0.9130
    0.9350
    0.9110
    0.8810
    0.9030
    0.9280
    0.9160
    0.8780
    0.8980
    0.9310
    0.9260
    0.8730
    0.8780
    0.9180
    0.9300
    0.8840
    0.8800
    0.9180
    0.9260
    0.8840
    0.8740
    0.9070
    0.9270
    0.8930
    0.8720
    0.9030
    0.9250
    0.8770
    0.9180
    0.9470
    0.9220
    0.8920
    0.9170
    0.9360
    0.9170
    0.8830
    0.9060
    0.9410
    0.9330
    0.8910
    0.9020
    0.9360
    0.9370
    0.8970
    0.9000
    0.9320
    0.9400
    0.9010
    0.8960
    0.9380
    0.9580
    0.9220
    0.9050
    0.9380
    0.9540
    0.9230
    0.8970
    0.9290
    0.9550
    0.9440
    0.9170
    0.9400
    0.9650
    0.9550
    0.9130
    0.9250
    0.9540
    0.9560
    0.9210
    0.9320
    0.9680
    0.9750
    0.9300
    0.9160
    0.9480
    0.9540
    0.9210
    0.9090
    0.9500
    0.9630
    0.9350
    0.9100
    0.9390
    0.9640
    0.9450
    0.9050
    0.9220
    0.9480
    0.9380
    0.8930
    0.9110
    0.9510
    0.9520
    0.9040
    0.9060
    0.9400
    0.9500
    0.9060
    0.8920
    0.9080
    0.9060
    0.8890
    0.9050
    0.9350
    0.9080
    0.8690
    0.9320
    1.1740
    1.5240
    1.7440
    1.7440
    1.7010
    1.5310
    1.2770
    1.0260
    0.9020
    0.8670
    0.8450
    0.7990
    0.8130
    0.8550
    0.8600
    0.8110
    0.7940
    0.8240
    0.8390
    0.8090
    0.7870
    0.8130
    0.8310
    0.8120
    0.7890
    0.8200
    0.8480
    0.8360
    0.8000
    0.8160
    0.8450
    0.8380
    0.7990
    0.8070
    0.8400
    0.8410
    0.7940
    0.7950
    0.8270
    0.8360
    0.7950
    0.7850
    0.8190
    0.8320
    0.7990
    0.7760
    0.8010
    0.8160
    0.7920
    0.7610
    0.7850
    0.8130
    0.7980
    0.7560
    0.7760
    0.8120
    0.8090
    0.7700
    0.7860
    0.8290
    0.8470
    0.8190
    0.8330
    0.8840
    0.8970
    0.8600
    0.8520
    0.8910
    0.9100
    0.8810
    0.8630
    0.8940
    0.9160
    0.8940
    0.8660
    0.8940
    0.9230
    0.9170
    0.8840
    0.9120
    0.9490
    0.9460
    0.9010
    0.9050
    0.9350
    0.9360
    0.8930
    0.8920
    0.9300
    0.9460
    0.9140
    0.9030
    0.9330
    0.9470
    0.9150
    0.8950
    0.9250
    0.9470
    0.9250
    0.8960
    0.9160
    0.9390
    0.9300
    0.8940
    0.9110
    0.9430
    0.9440
    0.9030
    0.9100
    0.9390
    0.9450
    0.9010
    0.8980
    0.9350
    0.9460
    0.9090
    0.8970
    0.9270
    0.9490
    0.9220
    0.8940
    0.9170
    0.9370
    0.9200
    0.8920
    0.9160
    0.9420
    0.9320
    0.8960
    0.9140
    0.9460
    0.9470
    0.9060
    0.9110
    0.9390
    0.9380
    0.8920
    0.8980
    0.9520
    0.9800
    0.9430
    0.9270
    0.9440
    0.9470
    0.9040
    0.8750
    0.9080
    0.9360
    0.9200
    0.8890
    0.9140
    0.9400
    0.9260
    0.8810
    0.8970
    0.9310
    0.9300
    0.8810
    0.8850
    0.9200
    0.9200
    0.8710
    0.8700
    0.9140
    0.9320
    0.8960
    0.8770
    0.9010
    0.8810
    0.9460
    0.9320
    0.8330
    0.8270
    0.9600
    1.2090
    1.5120
    1.7150
    1.7490
    1.6920
    1.4590
    1.1970
    1.0290
    0.9250
    0.8430
    0.7910
    0.8150
    0.8470
    0.8340
    0.7890
    0.8000
    0.8280
    0.8240
    0.7760
    0.7810
    0.8140
    0.8190
    0.7760
    0.7720
    0.8050
    0.8180
    0.7870
    0.7790
    0.8160
    0.8360
    0.8080
    0.7760
    0.7930
    0.8140
    0.8060
    0.7870
    0.8120
    0.8360
    0.8200
    0.7740
    0.7820
    0.8130
    0.8100
    0.7630
    0.7650
    0.7980
    0.8000
    0.7470
    0.7510
    0.7800
    0.7890
    0.7440
    0.7360
    0.7720
    0.7990
    0.7750
    0.7550
    0.7880
    0.8150
    0.8040
    0.7880
    0.8260
    0.8600
    0.8560
    0.8200
    0.8440
    0.8820
    0.8770
    0.8350
    0.8430
    0.8840
    0.8930
    0.8500
    0.8480
    0.8890
    0.9060
    0.8670
    0.8530
    0.8920
    0.9090
    0.8780
    0.8550
    0.8870
    0.9090
    0.8880
    0.8550
    0.8800
    0.9110
    0.9020
    0.8580
    0.8760
    0.9140
    0.9120
    0.8650
    0.8680
    0.9030
    0.9170
    0.8740
    0.8670
    0.9020
    0.9180
    0.8840
    0.8710
    0.9060
    0.9280
    0.9000
    0.8700
    0.8940
    0.9160
    0.8970
    0.8620
    0.8820
    0.9090
    0.9020
    0.8610
    0.8780
    0.9190
    0.9290
    0.8890
    0.8910
    0.9240
    0.9320
    0.8920
    0.8900
    0.9290
    0.9430
    0.9040
    0.8890
    0.9250
    0.9560
    0.9390
    0.9110
    0.9230
    0.9390
    0.9220
    0.8900
    0.9060
    0.9280
    0.9220
    0.8880
    0.9040
    0.9320
    0.9290
    0.8810
    0.8840
    0.9130
    0.9260
    0.8900
    0.8850
    0.9210
    0.9370
    0.9000
    0.8750
    0.9070
    0.9320
    0.9070
    0.8790
    0.9060
    0.9240
    0.9000
    0.8830
    0.9290
    0.9390
    0.8780
    0.8350
    0.9520
    1.2120
    1.5480
    1.7120
    1.7340
    1.6410
    1.4490
    1.1840
    1.0030
    0.9290
    0.8860
    0.8250
    0.8030
    0.8440
    0.8670
    0.8310
    0.7960
    0.8210
    0.8480
    0.8260
    0.7830
    0.8030
    0.8340
    0.8300
    0.7910
    0.8070
    0.8460
    0.8520
    0.8100
    0.8120
    0.8490
    0.8580
    0.8180
    0.8050
    0.8370
    0.8530
    0.8240
    0.8060
    0.8350
    0.8550
    0.8300
    0.8000
    0.8230
    0.8480
    0.8340
    0.7910
    0.8020
    0.8240
    0.8220
    0.7860
    0.7990
    0.8320
    0.8370
    0.7930
    0.7940
    0.8270
    0.8400
    0.8030
    0.7990
    0.8410
    0.8680
    0.8500
    0.8430
    0.8790
    0.9050
    0.8860
    0.8610
    0.8890
    0.9200
    0.9100
    0.8720
    0.8850
    0.9180
    0.9160
    0.8760
    0.8850
    0.9170
    0.8770
    0.9030
    0.9310
    0.9190
    0.8870
    0.9050
    0.9320
    0.9250
    0.8790
    0.8900
    0.9260
    0.9350
    0.8910
    0.8880
    0.9200
    0.9290
    0.8870
    0.8770
    0.9170
    0.9390
    0.9120
    0.8940
    0.9220
    0.9380
    0.9070
    0.8740
    0.9000
    0.9270
    0.9120
    0.8740
    0.8940
    0.9260
    0.9240
    0.8810
    0.8950
    0.9310
    0.9380
    0.8970
    0.8960
    0.9310
    0.9430
    0.9000
    0.8920
    0.9330
    0.9520
    0.9200
    0.9020
    0.9390
    0.9640
    0.9340
    0.8940
    0.9170
    0.9530
    0.9500
    0.9140
    0.9280
    0.9500
    0.9450
    0.9040
    0.9140
    0.9340
    0.9220
    0.8810
    0.8850
    0.9120
    0.9290
    0.8960
    0.8900
    0.9250
    0.9360
    0.8990
    0.8730
    0.9000
    0.9210
    0.8970
    0.8670
    0.8810
    0.8890
    0.8780
    0.8700
    0.9060
    0.8980
    0.8590
    0.8650
    1.0510
    1.3350
    1.6430
    1.7280
    1.7050
    1.5900
    1.3730
    1.1160
    0.9370
    0.8750
    0.8500
    0.8060
    0.7820
    0.8160
    0.8440
    0.8230
    0.7880
    0.8060
    0.8260
    0.8090
    0.7660
    0.7840
    0.8120
    0.8010
    0.7590
    0.7770
    0.8230
    0.8350
    0.7970
    0.7980
    0.8340
    0.8460
    0.8050
    0.7870
    0.8200
    0.8360
    0.8080
    0.7860
    0.8180
    0.8390
    0.8120
    0.7760
    0.8000
    0.8300
    0.8180
    0.7740
    0.7850
    0.8110
    0.8000
    0.7600
    0.7650
    0.7990
    0.8050
    0.7620
    0.7620
    0.8050
    0.8230
    0.7910
    0.7860
    0.8310
    0.8580
    0.8340
    0.8190
    0.8580
    0.8880
    0.8700
    0.8440
    0.8760
    0.9090
    0.8970
    0.8620
    0.8860
    0.9210
    0.9240
    0.8810
    0.8920
    0.9290
    0.9330
    0.8900
    0.8900
    0.9280
    0.9420
    0.9030
    0.8920
    0.9280
    0.9490
    0.9190
    0.8920
    0.9190
    0.9430
    0.9250
    0.8930
    0.9140
    0.9440
    0.9350
    0.8960
    0.9110
    0.9470
    0.9450
    0.9000
    0.9040
    0.9390
    0.9490
    0.9060
    0.9000
    0.9360
    0.9500
    0.9120
    0.8940
    0.9230
    0.9400
    0.9090
    0.8870
    0.9150
    0.9400
    0.9250
    0.9000
    0.9260
    0.9500
    0.9340
    0.8870
    0.9020
    0.9370
    0.9420
    0.9020
    0.9140
    0.9580
    0.9690
    0.9270
    0.9170
    0.9440
    0.9470
    0.9070
    0.8920
    0.9240
    0.9390
    0.9130
    0.8850
    0.9120
    0.9350
    0.9160
    0.8790
    0.9050
    0.9320
    0.9210
    0.8770
    0.8950
    0.9320
    0.9310
    0.8860
    0.8890
    0.9310
    0.9360
    0.8890
    0.8780
    0.9140
    0.9230
    0.8750
    0.8810
    0.9540
    0.9780
    0.8910
    0.8170
    0.8980
    1.5720
    1.7220
    1.7390
    1.6240
    1.3580
    1.1310
    1.0130
    0.9330
    0.8490
    0.8110
    0.8480
    0.8720
    0.8410
    0.7970
    0.8120
    0.8380
    0.8150
    0.7820
    0.8120
    0.8460
    0.8390
    0.7960
    0.8100
    0.8470
    0.8470
    0.7970
    0.7980
    0.8410
    0.8560
    0.8180
    0.8120
    0.8550
    0.8710
    0.8300
    0.7960
    0.8280
    0.8570
    0.8300
    0.7910
    0.8160
    0.8410
    0.8180
    0.7740
    0.7960
    0.8320
    0.8240
    0.7720
    0.7800
    0.8180
    0.8160
    0.7640
    0.7630
    0.8060
    0.8180
    0.7740
    0.7760
    0.8200
    0.8390
    0.8060
    0.7980
    0.8540
    0.8840
    0.8480
    0.8240
    0.8630
    0.9020
    0.8890
    0.8520
    0.8810
    0.9210
    0.9050
    0.8500
    0.8660
    0.9090
    0.9100
    0.8560
    0.8610
    0.9070
    0.9090
    0.8580
    0.8610
    0.9170
    0.9330
    0.8820
    0.8620
    0.9120
    0.9370
    0.8920
    0.8570
    0.9030
    0.9370
    0.9000
    0.8580
    0.8980
    0.9460
    0.9200
    0.8590
    0.8890
    0.9480
    0.9390
    0.8700
    0.8770
    0.9350
    0.9360
    0.8690
    0.8680
    0.9380
    0.9550
    0.8890
    0.8650
    0.9270
    0.9570
    0.9030
    0.8630
    0.9210
    0.9530
    0.9140
    0.8620
    0.8980
    0.9380
    0.9070
    0.8500
    0.9000
    0.9680
    0.9570
    0.8850
    0.8970
    0.9570
    0.9580
    0.8920
    0.8870
    0.9500
    0.9680
    0.9140
    0.9050
    0.9670
    0.9800
    0.9090
    0.8670
    0.9290
    0.9730
    0.9230
    0.8640
    0.9110
    0.9570
    0.9240
    0.8620
    0.8980
    0.9560
    0.9350
    0.8530
    0.8670
    0.9340
    0.9330
    0.8620
    0.8670
    0.9360
    0.9450
    0.8640
    0.8360
    0.9030
    0.9320
    0.8690
    0.8250
    0.8830
    0.9450
    0.9140
    0.8420
    0.8360
    0.8780
    0.9260
    1.0690
    1.4380
    1.7210
    1.7270
    1.5560
    1.3620
    1.2110
    1.0320
    0.8340
    0.7820
    0.8380
    0.8520
    0.7760
    0.7620
    0.8380
    0.8690
    0.7920
    0.7440
    0.8090
    0.8530
    0.7800
    0.7310
    0.7890
    0.8590
    0.8340
    0.7690
    0.8120
    0.8800
    0.8560
    0.7700
    0.7940
    0.8670
    0.8620
    0.7810
    0.7900
    0.8660
    0.8730
    0.7890
    0.7740
    0.8510
    0.8880
    0.8100
    0.7660
    0.8340
    0.8820
    0.8260
    0.7630
    0.8100
    0.8640
    0.8230
    0.7510
    0.7960
    0.8630
    0.8340
    0.7400
    0.7680
    0.8530
    0.8540
    0.7690
    0.7830
    0.8740
    0.9020
    0.8220
    0.8150
    0.9020
    0.9360
    0.8630
    0.8300
    0.9040
    0.9480
    0.8850
    0.8200
    0.8850
    0.9530
    0.9080
    0.8330
    0.8840
    0.8400
    0.8470
    0.9110
    0.9610
    0.9020
    0.8240
    0.8890
    0.9610
    0.9250
    0.8340
    0.8760
    0.9640
    0.9490
    0.8450
    0.8610
    0.9470
    0.9510
    0.8540
    0.8480
    0.9340
    0.9530
    0.8540
    0.8380
    0.9310
    0.9570
    0.8870
    0.8390
    0.9260
    0.9800
    0.9160
    0.8380
    0.9010
    0.9750
    0.9350
    0.8360
    0.8810
    0.9660
    0.9530
    0.8550
    0.8740
    0.9570
    0.9580
    0.8570
    0.8520
    0.9490
    0.9680
    0.8750
    0.8510
    0.9390
    0.9840
    0.9030
    0.8430
    0.9210
    0.9840
    0.9210
    0.8360
    0.8980
    0.9780
    0.9430
    0.8450
    0.8870
    0.9780
    0.9610
    0.8600
    0.8780
    0.9690
    0.9740
    0.8690
    0.8630
    0.9610
    0.9870
    0.8960
    0.8650
    0.9620
    1.0170
    0.9390
    0.8770
    0.9510
    1.0110
    0.9430
    0.8500
    0.9120
    0.9880
    0.9440
    0.8390
    0.8860
    0.9840
    0.9640
    0.8420
    0.8580
    0.9570
    0.9660
    0.8470
    0.8470
    0.9520
    0.9780
    0.8550
    0.8300
    0.9250
    0.9730
    0.8800
    0.8070
    0.8950
    0.9610
    0.8960
    0.8010
    0.9200
    0.9940
    0.9650
    0.8150
    0.8360
    0.9420
    1.0620
    1.2100
    1.5530
    1.7520
    1.7200
    1.5060
    1.2410
    1.1610
    1.0320
    0.8370
    0.7580
    0.8450
    0.9100
    0.7910
    0.7700
    0.8740
    0.9020
    0.8300
    0.7350
    0.8420
    0.8870
    0.8390
    0.7310
    0.7760
    0.8740
    0.8620
    0.7510
    0.7910
    0.8740
    0.8820
    0.7620
    0.7490
    0.8720
    0.8810
    0.7690
    0.7580
    0.8430
    0.8920
    0.8090
    0.7390
    0.8190
    0.8900
    0.8310
    0.7350
    0.7960
    0.8780
    0.8240
    0.7140
    0.7540
    0.8610
    0.8360
    0.7090
    0.7600
    0.8400
    0.8510
    0.7140
    0.7260
    0.8360
    0.8810
    0.7850
    0.7390
    0.8640
    0.9040
    0.8340
    0.7810
    0.8810
    0.9470
    0.8750
    0.8040
    0.8730
    0.9600
    0.9290
    0.8180
    0.8760
    0.9580
    0.9140
    0.8360
    0.8560
    0.9700
    0.9460
    0.8480
    0.8380
    0.9450
    0.9800
    0.8290
    0.8410
    0.9290
    0.9820
    0.8640
    0.8250
    0.9290
    0.9820
    0.9240
    0.8330
    0.8970
    0.9850
    0.9560
    0.8440
    0.8970
    0.9750
    0.9660
    0.8520
    0.8610
    0.9610
    0.9730
    0.8640
    0.8450
    0.9460
    0.9800
    0.8790
    0.8350
    0.9210
    0.9800
    0.9030
    0.8530
    0.9250
    0.9850
    0.9280
    0.8250
    0.8850
    0.9750
    0.9430
    0.8220
    0.8670
    0.9650
    0.9600
    0.8450
    0.8590
    0.9660
    0.9830
    0.8270
    0.8500
    0.9600
    0.9720
    0.8770
    0.8370
    0.9280
    0.8640
    0.9700
    0.9500
    0.8460
    0.8400
    0.9380
    0.9700
    0.8630
    0.8450
    0.9360
    0.9900
    0.8740
    0.8430
    0.9150
    0.9810
    0.9150
    0.8140
    0.8730
    0.9580
    0.9180
    0.8120
    0.8740
    0.9840
    0.9730
    0.8480
    0.8720
    0.9710
    0.9820
    0.8630
    0.8450
    0.9500
    0.9970
    0.8980
    0.8710
    0.9420
    0.9930
    0.8960
    0.8350
    0.9370
    0.9880
    0.9260
    0.8340
    0.9070
    0.9820
    0.9280
    0.8430
    0.8760
    0.9740
    0.9510
    0.8440
    0.8580
    0.9390
    0.9550
    0.8590
    0.8410
    0.9360
    0.9730
    0.8810
    0.8260
    0.9070
    0.9650
    0.8970
    0.8160
    0.8670
    0.9440
    0.9290
    0.8490
    0.8600
    0.9030
    0.9230
    0.9620
    1.2490
    1.6250
    1.7390
    1.6280
    1.4950
    1.3730
    1.1860
    0.9340
    0.8150
    0.8590
    0.8890
    0.8090
    0.7590
    0.8340
    0.8880
    0.8220
    0.7480
    0.8160
    0.8840
    0.8330
    0.7300
    0.7740
    0.8620
    0.8480
    0.7530
    0.7780
    0.8650
    0.8690
    0.7680
    0.7660
    0.8610
    0.8770
    0.7780
    0.7560
    0.8450
    0.8820
    0.7920
    0.7350
    0.8230
    0.8870
    0.8150
    0.7290
    0.8020
    0.8780
    0.8270
    0.7190
    0.7660
    0.8470
    0.8230
    0.7170
    0.7440
    0.8390
    0.8390
    0.7300
    0.7290
    0.8500
    0.8530
    0.7590
    0.7380
    0.8360
    0.8930
    0.8240
    0.7720
    0.8550
    0.9230
    0.8660
    0.7920
    0.8580
    0.9390
    0.9030
    0.8120
    0.8600
    0.9480
    0.9280
    0.8260
    0.8420
    0.9320
    0.9450
    0.8520
    0.8450
    0.9350
    0.9660
    0.8740
    0.8390
    0.9230
    0.9620
    0.8890
    0.8290
    0.8980
    0.9580
    0.9030
    0.8310
    0.8950
    0.9710
    0.9300
    0.8300
    0.8720
    0.9610
    0.9520
    0.8530
    0.8640
    0.9540
    0.9630
    0.8600
    0.9630
    0.8360
    0.9270
    0.9800
    0.9010
    0.8390
    0.9110
    0.9760
    0.9350
    0.8540
    0.9060
    0.9830
    0.9590
    0.8600
    0.8820
    0.9580
    0.9490
    0.8490
    0.8590
    0.9510
    0.9770
    0.8760
