563
560
560
561
565
573
572
579
589
615
696
719
706
659
641
607
598
589
596
628
702
734
753
708
666
643
602
581
566
560
554
552
558
567
581
583
581
586
586
577
568
559
563
575
618
679
708
692
705
690
690
681
652
609
592
568
561
553
565
590
642
701
738
716
656
648
627
604
590
578
581
566
556
552
540
545
551
567
584
593
595
586
597
618
672
756
781
746
709
670
639
622
625
631
634
667
682
675
656
638
622
617
624
618
618
621
628
648
636
634
634
634
635
622
633
631
612
604
593
586
574
568
578
588
611
653
707
721
698
690
673
667
642
639
634
631
650
650
665
665
660
649
643
638
648
643
633
626
613
615
602
608
608
599
591
584
591
591
617
594
588
584
557
549
539
530
530
541
559
602
648
680
664
629
604
586
571
574
623
681
746
737
741
750
754
729
671
646
628
594
575
564
557
554
558
568
590
592
593
589
589
570
560
549
544
527
529
574
641
709
719
735
737
753
743
705
666
639
616
599
586
570
559
560
581
655
755
788
794
749
707
651
608
584
569
564
558
561
569
579
607
626
633
649
631
615
595
580
564
551
546
559
596
650
668
691
660
636
621
610
602
611
647
698
757
780
723
675
648
617
596
576
556
544
541
531
540
570
576
574
579
581
572
576
563
567
574
572
579
596
599
589
574
571
557
558
558
565
594
633
672
724
727
709
695
663
611
595
587
581
559
558
549
540
535
538
542
552
567
560
546
543
551
542
530
518
515
511
517
533
550
579
618
647
659
657
632
612
599
591
575
567
551
559
580
614
701
733
785
807
760
712
680
653
608
590
574
560
552
555
562
570
555
552
544
539
529
525
529
551
603
641
634
639
618
594
578
568
563
578
618
667
717
744
706
667
645
609
581
568
556
546
546
552
568
582
586
581
569
560
546
534
530
524
532
566
625
642
631
615
616
601
603
608
619
642
667
720
711
694
674
623
603
590
583
552
551
535
531
527
529
526
537
537
545
548
552
548
536
524
524
532
554
568
591
614
618
599
606
583
590
584
583
590
608
646
692
731
727
669
639
626
597
566
554
548
536
536
542
556
573
588
595
