714
678
678
690
720
717
755
783
804
794
776
725
708
726
738
753
764
742
746
742
716
707
707
733
722
722
746
792
864
828
804
781
744
747
745
772
805
775
770
782
706
686
658
636
646
681
806
844
855
785
742
723
717
727
734
789
831
846
853
838
842
840
837
815
797
794
799
798
770
767
755
731
732
743
796
810
767
740
728
718
705
699
706
725
725
735
738
755
736
731
711
711
733
745
747
767
782
764
729
704
682
676
677
676
696
728
759
755
730
723
714
718
718
720
710
672
644
647
665
686
720
737
735
718
710
708
716
734
732
731
740
753
734
766
818
868
874
815
784
669
699
703
703
733
739
726
713
707
725
737
733
731
726
724
726
754
790
808
791
780
755
728
733
764
825
881
862
818
803
808
828
817
834
811
806
800
767
741
733
745
769
796
806
812
809
780
762
756
764
777
762
768
786
783
750
723
690
667
658
675
701
742
811
833
833
802
775
746
732
721
684
691
728
814
890
915
882
855
824
772
715
688
717
758
799
792
777
731
704
710
739
823
854
863
842
