646
712
724
756
756
706
690
655
654
639
629
609
621
634
654
655
646
633
608
607
594
591
601
636
786
794
769
740
593
574
570
599
664
748
773
787
788
793
679
626
628
616
599
570
561
559
563
576
604
638
621
618
622
615
597
604
612
653
720
713
685
662
647
639
639
632
664
741
804
848
838
830
811
786
688
667
628
614
598
598
597
609
614
644
628
619
603
602
602
605
618
666
682
685
656
640
649
658
657
664
654
658
669
701
727
764
797
737
704
682
655
634
624
604
590
574
577
573
584
604
637
625
620
617
610
613
609
621
629
648
644
652
666
680
690
682
696
719
735
747
690
671
650
627
600
580
572
566
562
570
590
609
588
599
568
565
561
561
571
578
580
574
565
554
575
598
603
665
666
652
656
640
662
691
738
754
728
694
627
611
597
578
569
566
569
567
573
566
560
549
548
550
566
577
591
607
619
640
671
714
698
666
652
614
597
587
634
717
770
799
790
819
825
822
794
721
644
635
609
597
582
576
574
573
578
582
567
570
572
568
568
567
576
596
637
687
711
677
630
625
615
585
590
597
627
684
761
837
826
802
778
754
678
623
608
594
584
586
588
600
617
644
686
703
712
692
640
622
604
588
583
584
585
594
619
652
656
636
625
592
580
585
584
587
584
576
557
562
593
617
677
733
749
768
779
756
731
681
609
581
571
565
556
560
564
576
593
610
626
635
621
600
593
586
579
576
565
582
616
633
633
627
637
650
658
664
677
685
707
738
737
734
663
637
632
620
593
587
577
564
563
564
575
594
618
628
618
614
601
595
623
663
652
643
688
655
642
607
593
586
587
635
690
784
768
810
836
791
746
719
668
612
592
577
564
559
562
571
586
599
617
594
589
