544
536
529
520
527
518
528
538
557
575
583
594
587
588
587
568
559
549
540
549
553
570
578
580
579
570
555
545
539
527
532
540
582
635
628
595
603
584
546
537
535
547
602
727
717
641
604
586
572
570
567
562
570
569
578
599
626
655
671
659
654
644
663
666
674
665
649
597
583
581
575
559
547
544
534
533
533
543
541
528
519
514
507
507
504
519
561
605
656
642
614
585
586
572
570
564
574
595
625
651
671
664
660
614
589
577
570
553
541
537
531
525
525
530
543
540
534
531
532
525
523
522
541
575
637
643
631
613
583
563
544
535
539
572
641
700
735
791
775
763
708
652
627
593
580
563
560
554
552
560
554
547
543
541
537
536
526
536
567
631
651
644
608
597
586
601
588
563
569
576
600
651
703
733
755
761
725
650
626
607
584
563
557
557
534
546
545
554
555
554
552
551
550
542
539
548
568
616
638
640
645
638
611
595
564
548
538
540
566
660
731
635
601
577
564
558
559
562
577
555
552
547
543
544
540
565
594
627
607
586
579
574
555
544
541
538
541
551
576
615
600
606
633
663
682
698
727
763
737
685
656
628
591
570
557
548
545
548
558
570
572
572
558
548
539
527
515
511
496
510
552
625
681
689
694
698
661
634
604
546
579
664
736
781
793
789
547
697
630
612
603
574
562
554
550
547
550
544
554
542
537
536
531
530
516
523
535
567
604
629
635
616
606
603
579
562
557
555
567
568
576
587
595
619
625
624
646
648
664
667
669
654
651
629
602
577
570
568
543
540
530
521
523
520
523
516
514
517
514
520
521
541
555
573
577
573
573
561
534
540
532
553
588
670
708
730
730
719
741
730
714
675
616
587
582
564
544
536
530
524
525
532
553
588
620
613
609
603
607
610
613
624
632
635
612
590
577
556
541
539
526
531
552
575
604
619
612
615
591
574
574
574
565
590
589
603
648
674
704
714
680
667
602
596
585
565
540
536
528
525
522
526
537
558
576
599
