517
519
526
543
558
581
607
642
660
674
682
653
610
588
592
567
551
569
635
702
719
665
643
613
601
597
594
596
605
593
577
566
557
549
546
560
582
604
623
617
722
693
675
648
627
623
638
665
700
649
640
626
597
573
564
562
557
560
575
584
584
577
559
554
540
537
536
550
575
619
692
762
738
728
710
682
665
664
636
586
588
609
674
761
767
686
630
597
573
561
550
547
550
562
573
553
542
533
527
526
523
528
546
565
595
619
638
636
638
626
604
601
592
594
622
687
736
769
803
786
732
666
641
622
589
576
565
558
560
566
567
563
564
565
572
572
577
583
584
583
579
576
582
599
639
647
639
617
603
601
606
593
606
631
674
720
734
732
677
637
627
604
570
558
549
541
542
543
556
565
557
549
546
540
533
524
527
534
557
579
597
585
576
583
593
620
676
705
733
756
762
633
614
609
587
568
558
551
545
543
547
555
567
565
549
548
543
535
532
529
527
535
563
597
644
623
602
603
547
550
571
631
711
747
726
690
602
571
558
544
544
552
570
602
630
648
670
662
573
559
546
552
542
542
544
539
532
540
545
566
561
568
583
582
577
565
564
565
578
619
639
667
673
709
732
757
736
722
684
680
641
612
608
598
562
559
553
547
543
545
548
549
540
538
538
537
529
537
558
589
602
612
622
632
632
608
590
578
585
594
608
641
681
703
737
656
634
628
604
577
568
557
545
543
549
564
567
562
568
569
561
562
558
561
568
575
577
580
582
579
586
596
587
584
584
549
547
552
574
641
747
692
600
579
563
560
559
566
574
572
567
561
557
