631
627
617
617
608
616
652
697
692
688
672
637
616
602
594
607
686
743
758
775
750
708
675
640
612
615
615
630
661
698
665
650
630
624
629
638
671
682
649
645
635
610
594
599
602
604
618
620
603
596
590
578
567
576
582
588
670
781
780
773
737
668
621
608
615
650
668
634
628
622
623
642
673
710
733
736
721
675
630
608
591
561
555
552
554
556
563
573
587
584
583
593
594
585
587
574
571
591
619
635
628
628
626
612
607
674
720
770
789
730
698
650
623
601
573
556
549
556
576
618
657
649
643
627
617
604
603
600
620
630
656
679
699
727
715
713
686
701
713
754
751
687
638
573
566
577
627
701
727
624
870
712
692
624
590
570
571
567
578
587
613
600
591
603
587
572
580
587
599
621
704
833
841
662
639
615
597
589
581
583
611
652
722
774
801
798
797
768
709
641
602
578
571
574
594
602
609
620
613
613
600
611
626
648
694
736
748
714
645
622
617
586
580
571
574
573
571
575
574
583
578
583
583
585
592
600
656
716
786
758
739
697
669
646
649
625
610
607
600
624
646
678
668
668
660
669
685
714
716
479
635
606
604
595
582
569
566
559
557
556
544
550
549
560
559
564
571
593
629
648
652
682
683
690
673
646
619
599
590
562
557
543
546
553
583
642
703
698
738
744
734
707
667
624
602
590
559
550
544
540
531
535
542
566
593
631
649
650
639
625
629
620
622
620
633
591
574
564
552
536
521
521
541
590
717
656
614
599
584
574
566
563
562
565
585
610
624
674
671
639
646
641
639
628
633
623
616
612
601
582
589
604
641
740
783
740
754
759
771
762
607
575
561
562
575
611
686
763
740
718
705
686
615
593
583
570
567
578
610
652
684
658
646
627
602
592
571
566
590
625
669
729
678
662
638
629
596
605
622
657
725
782
742
686
657
631
597
578
571
559
555
558
576
599
629
638
640
652
651
650
651
610
590
569
556
533
528
536
546
574
633
637
655
666
688
693
712
716
701
653
630
622
587
567
553
546
545
545
553
568
586
574
571
563
557
540
536
547
568
616
663
683
701
648
620
596
573
562
573
597
630
732
758
784
767
746
715
690
674
670
688
630
627
601
583
560
555
558
538
521
515
511
510
508
508
515
530
558
592
607
612
621
625
637
638
685
691
703
711
694
651
636
636
609
574
563
551
541
538
538
536
536
543
553
