599
714
749
771
720
706
684
632
609
607
610
627
641
680
705
709
681
653
631
607
599
586
600
633
682
798
767
744
738
722
693
651
612
589
579
585
605
661
779
781
744
692
641
617
614
643
724
777
745
761
752
748
749
721
694
688
670
661
642
616
610
594
581
574
568
556
548
551
560
575
604
681
768
724
675
657
623
611
611
626
703
801
813
805
764
666
610
590
583
585
580
590
584
581
577
572
573
578
587
611
619
624
642
639
631
624
630
624
615
601
609
629
688
737
775
792
792
788
784
753
717
652
622
584
573
566
554
546
538
535
535
544
547
542
546
558
575
579
565
565
571
575
571
556
560
575
600
633
633
622
624
623
663
698
741
766
755
772
798
761
712
672
644
612
588
573
568
569
562
559
557
563
566
581
603
635
656
689
699
683
667
672
654
648
656
662
643
647
624
628
628
682
721
812
781
778
755
693
682
660
616
593
579
564
557
549
545
547
549
552
554
565
585
615
620
627
605
607
607
607
603
613
644
659
658
643
650
658
683
706
714
744
756
767
816
776
712
678
651
616
593
582
564
556
551
553
552
561
566
559
563
567
581
602
639
650
663
611
587
572
560
561
563
589
612
615
612
631
644
680
730
729
750
753
785
797
774
715
643
631
623
611
580
567
561
549
540
537
537
541
551
560
552
561
570
588
612
625
631
635
647
629
629
622
615
602
605
641
622
625
634
625
612
613
599
638
687
775
740
749
753
772
776
770
749
717
691
653
629
620
606
587
572
567
554
542
533
528
521
519
513
513
518
536
572
597
626
623
635
648
628
614
601
616
635
669
712
739
764
766
787
787
663
637
627
619
592
574
565
554
536
528
524
516
513
509
504
506
521
553
613
653
626
606
634
635
604
598
588
612
654
661
664
674
666
657
622
602
589
598
647
720
773
804
847
817
809
775
756
671
629
577
