576
580
602
657
703
712
685
659
640
623
621
619
632
625
605
594
585
584
616
652
755
795
785
801
763
740
698
635
600
583
563
554
561
566
588
589
590
574
572
563
557
550
557
575
573
590
591
612
636
683
749
761
722
715
665
655
662
640
615
594
590
584
587
590
576
574
565
560
551
544
548
561
604
647
664
651
629
613
605
586
598
606
638
696
717
696
679
660
624
606
584
579
572
571
576
574
567
560
556
547
541
537
537
545
579
637
701
704
676
652
627
610
595
607
612
593
582
571
583
589
632
675
739
757
781
752
743
707
649
627
615
595
574
559
554
546
544
551
560
578
566
565
559
554
554
546
541
537
535
535
543
551
570
614
650
650
639
607
605
606
579
566
562
557
555
560
563
558
565
604
674
735
783
775
776
786
756
691
655
620
593
573
559
552
543
548
561
568
562
574
582
593
596
599
597
598
590
583
578
568
568
571
580
583
591
594
605
625
615
615
594
578
559
547
544
541
561
604
682
735
764
777
778
740
711
676
617
586
570
556
546
549
556
572
584
603
600
584
571
556
545
534
533
521
531
550
584
604
622
631
622
615
602
586
556
563
570
593
628
657
684
699
658
642
630
596
577
560
554
545
541
549
562
575
569
560
556
548
543
532
531
541
567
623
646
639
626
611
593
577
560
548
534
557
582
651
740
793
796
799
805
794
760
679
612
600
598
576
560
545
541
533
531
537
545
571
566
570
563
561
557
552
542
529
531
537
552
571
586
610
652
657
665
681
634
565
563
559
570
614
658
716
765
772
730
668
644
625
588
572
560
553
544
551
553
539
537
529
520
516
516
532
553
596
646
658
683
699
689
643
603
587
588
566
551
549
534
542
541
568
616
691
687
645
637
636
594
580
564
551
543
541
543
542
546
