   -0.0213     0.7969     0.2351     0.7044     0.3096     0.2669     0.5835     0.8197     0.9062     0.7979     0.9336     0.6014     0.0926     0.0358     0.8336     0.2156     0.5450
    0.3646     0.5276     0.7699     0.4228     0.2054    -0.0993     0.0986     0.7590     0.3355     0.5757     0.1551     0.9146     0.8188     0.7916     0.1329     0.5291    -0.0830
    0.5509     0.4264     0.2406    -0.0581     0.0968     0.9745     0.3376     0.8146     0.4831     0.6336     0.8327     0.7581     0.4288     0.5504     0.5598     0.2663     0.6100
    0.4177     0.8444     0.8202     0.1872     0.5856     0.9455     0.4575     0.1313     0.9229     0.4090     0.5066     0.2223     0.3462     0.2946     0.8435     0.5737     0.2698
    0.7842     0.2156     0.3862     0.8375     0.6873    -0.0403     0.2087     0.7321     0.1615     0.1088     0.9212     0.3899     0.4564     0.8177     0.1625     0.8196     0.1392
   -0.3452    -0.8043     3.9675     3.2674     1.2143    -0.4253     0.8788     0.4396    -0.7149    -0.5842     0.8375     0.8816    -0.9484     0.0366    -1.1347    -0.4647    -0.5225
    0.7899     0.1249     0.4088     0.7460     0.1252     0.4956     0.4310     0.5172     0.1068     0.9471     0.9267     0.8983     0.3525     0.7978     0.8969     0.2332     0.8846
    0.5953     0.1817     0.7754     0.5930     0.7421     0.1945     0.4739     0.7970     0.3834     0.0085     0.4899     0.8480    -0.0480    -0.1699     0.4347    -0.1862    -0.1199
    0.2506     1.0795    -2.3842    -2.4303    -0.8224    -0.2165     0.3015     0.8678     0.5608     0.1464    -0.2027    -0.2280     0.5465    -0.0865     0.8461     0.9000    -0.0332
    0.4947     0.9815     0.0347     0.4062     0.9152     0.8114     0.3167     0.9697     0.1293     0.3266     0.0452     0.5003     0.9179     0.2381     0.2737     0.7036     1.0203
