    813.05
    630.60
    752.86
    790.76
    807.60
    743.83
    718.45
    695.96
    753.27
    788.43
    806.49
    768.07
    799.36
    804.79
    822.53
    881.05
    948.80
    897.75
    846.80
    890.08
    924.64
    913.15
    865.64
    881.04
    955.15
    990.51
    898.05
    842.83
    922.37
    946.52
    860.85
    826.60
    919.40
    980.07
    951.54
    879.29
    909.35
    972.37
    942.77
    874.91
    824.40
    887.21
    973.57
    988.86
    903.60
    875.30
    862.88
    815.70
    852.91
    907.01
    883.78
    813.00
    829.00
    795.99
    734.37
    741.60
    743.29
    803.82
    862.54
    777.21
    697.83
    635.28
    618.32
    670.94
    723.36
    739.13
    741.23
    740.39
    789.62
    801.35
    760.76
    712.03
    789.35
    881.41
    939.27
    908.51
    897.18
    879.12
    889.54
    909.16
    917.79
    904.21
    896.05
    863.49
    832.38
    867.97
    916.60
    886.18
    945.03
    963.51
    872.02
    848.92
    872.49
    876.92
    818.77
    763.70
    791.87
    792.66
    829.80
    896.57
    953.69
    937.16
    970.36
    945.40
    885.32
    873.67
    872.48
    877.23
    826.10
    875.91
    910.07
    906.11
    872.61
    897.80
    881.11
    829.21
    856.67
    889.35
    907.39
    877.97
    919.45
    914.18
    838.15
    872.76
    819.35
    823.58
    823.70
    774.40
    823.57
    841.52
    822.95
    830.34
    807.43
    849.94
    869.52
    826.76
    828.37
    820.81
    804.78
    853.95
    811.80
    786.90
    778.72
    777.57
    779.27
    748.93
    806.10
    867.03
    860.89
    819.00
    816.91
    822.02
    806.49
    837.51
    878.58
    920.39
    907.89
    915.50
    915.18
    870.17
    876.71
    860.78
    835.25
    875.90
    888.43
    871.49
    887.45
    922.10
    866.76
    847.99
    896.48
    896.50
    918.00
    976.78
    918.56
    847.85
    889.79
    907.73
    866.43
    901.42
    905.14
    824.55
    867.92
    921.30
    941.39
    991.29
    990.30
    933.25
    946.93
    917.96
    859.23
    902.59
    912.49
    900.71
    968.91
    981.55
    931.88
    947.30
    959.16
    925.36
    952.56
    940.05
    876.97
    900.81
    949.38
    916.84
    952.61
    940.48
    868.66
    812.47
    804.75
    856.65
    847.54
    882.44
    891.29
    851.88
    894.85
    882.26
    851.87
    911.13
    918.51
    874.06
    921.61
    873.87
    824.31
    879.60
    888.20
    866.21
    918.07
    950.17
    902.32
    915.65
    907.12
    865.98
    882.45
    898.76
    847.70
    895.72
    904.17
    877.99
    904.01
    936.23
    902.24
    872.65
    915.74
    878.25
    876.92
    936.44
    952.07
    897.46
    937.99
    927.72
    873.49
    891.05
    889.69
    856.79
    889.00
    909.88
    896.43
    922.38
    928.49
    884.81
    883.97
    865.98
    823.23
    841.60
    883.65
    887.25
    912.64
    914.29
    877.97
    889.92
    889.87
    855.23
    902.43
    925.35
    869.59
    885.17
    860.24
    832.11
    837.17
    844.19
    871.41
    908.71
    904.53
    830.25
    864.87
    857.29
    822.85
    811.50
    841.69
    851.67
    821.25
    863.89
    898.13
    890.04
    840.39
    881.56
    892.01
    873.80
    865.79
    885.85
    903.61
    883.18
    883.63
    892.68
    868.26
    876.67
    864.90
    848.96
    916.76
    943.78
    909.59
    930.86
    908.48
    858.12
    873.41
    800.66
    790.53
    704.43
    634.48
    604.03
    629.46
    695.80
    685.84
    652.51
    633.37
    653.16
    667.05
    669.20
    725.51
    774.56
    781.50
    820.68
    817.49
    765.33
    812.80
    829.21
    814.83
    874.06
    874.86
    822.42
    848.06
    826.52
    792.96
    856.47
    927.58
    918.94
    988.90
    950.28
    892.27
    953.70
    894.74
    872.89
    847.91
    772.74
    787.68
    878.53
    964.08
    957.42
    918.46
    856.60
    795.61
    843.94
    886.79
    876.40
    943.28
    934.79
    905.69
    930.55
    891.94
    813.97
    824.51
    843.51
    873.38
    911.17
    911.33
    937.12
    944.39
    870.89
    858.54
    892.06
    896.42
    836.89
    915.37
    931.66
    837.74
    873.82
    940.76
    869.01
    882.47
    873.78
    804.33
    829.65
    838.84
    801.24
    852.57
    907.45
    873.61
    936.72
    956.17
    894.50
    922.07
    885.96
    856.55
    917.01
    919.20
    845.55
    850.41
    838.98
    820.07
    858.01
    873.36
    863.11
    845.43
    830.52
    791.94
    740.20
    796.02
    825.46
    815.34
    767.90
    770.31
    767.32
    801.82
    862.45
    951.84
    934.73
    885.44
    870.51
    842.15
    782.36
    786.18
    824.37
    827.95
    902.56
    900.39
    872.53
    923.24
    873.94
    886.19
    872.89
    794.13
    792.93
    808.51
    762.86
    829.69
    825.31
    859.04
    907.15
    931.93
    961.69
    941.94
    920.85
    886.65
    803.42
    800.92
    851.44
    798.62
    854.70
    908.92
    853.98
    931.92
    976.62
    939.43
    925.75
    902.05
    848.92
    865.58
    917.05
    868.25
    946.76
    985.32
   1000.27
   1012.15
    922.50
    895.63
    859.63
    804.37
    856.45
    843.54
    926.37
    991.59
    924.39
    945.03
    873.84
    855.56
    899.46
    899.29
    865.44
    897.14
    924.11
    881.17
    910.42
    897.57
    803.32
    843.72
    889.52
    840.45
    919.16
    901.93
    863.32
    840.49
    847.50
    824.81
    873.21
    879.82
    862.00
    895.11
    860.31
    924.16
    903.47
    832.00
    788.03
    721.91
    670.78
    755.02
    851.81
    908.16
    889.47
    826.10
    856.28
    855.65
    790.85
    835.05
    857.01
    833.01
    900.17
    859.51
    844.33
    881.09
    849.70
    862.70
    871.90
    838.35
    866.94
    869.07
    837.07
    888.65
    876.53
    822.17
    863.39
    878.95
    838.05
    870.47
    824.37
    847.99
    850.79
    790.58
    814.17
    836.61
    786.04
    844.57
    849.97
    798.27
    811.25
    806.62
    769.70
    795.22
    815.50
    808.79
    874.54
    909.58
    869.80
    917.06
    914.32
    822.77
    821.24
    793.96
    752.10
    776.28
    777.56
    758.95
    816.81
    871.07
    886.70
    879.95
    805.82
    721.25
    674.07
    682.11
    668.21
    640.33
    618.33
    599.90
    600.00
    604.01
    623.07
    638.90
    646.86
    658.53
    694.13
    735.04
    808.54
    816.40
    759.28
    780.75
    838.73
    770.76
    751.04
    829.14
    897.62
    860.30
    926.16
    875.57
    838.18
    909.83
    910.23
    842.63
    914.14
    936.88
    924.98
   1000.37
   1029.36
    974.88
    972.83
    982.91
    980.61
    935.40
    992.90
    914.18
   1005.06
