846
877
858
880
884
832
795
761
729
670
667
667
739
703
740
784
830
760
746
744
714
676
668
670
653
664
677
685
673
676
677
667
659
653
655
671
682
668
652
643
626
623
611
633
676
739
726
743
724
755
733
692
669
660
663
671
721
729
707
694
679
648
647
639
645
732
820
795
816
766
730
680
655
642
640
653
680
678
672
680
678
685
680
686
658
658
669
696
693
710
731
725
698
681
659
635
628
626
641
649
664
662
683
696
712
685
693
695
670
669
665
667
652
644
642
665
666
658
660
667
661
650
654
658
653
646
647
653
654
636
645
640
636
624
625
627
643
645
650
672
690
679
683
681
664
653
658
648
655
659
654
633
634
641
638
653
656
650
663
670
655
660
670
678
672
671
734
712
691
689
671
679
677
674
697
695
675
657
659
648
648
648
661
671
680
714
775
806
766
729
717
687
658
646
591
579
571
557
546
535
523
521
512
506
500
488
486
479
478
470
482
519
595
671
625
609
598
586
567
571
571
570
570
569
565
561
556
562
558
560
566
568
573
572
572
575
570
569
566
565
543
563
575
592
608
629
656
652
646
644
623
611
598
586
572
565
557
547
538
532
527
526
524
525
525
515
518
520
518
511
514
508
507
505
507
509
514
514
520
522
525
529
527
531
523
522
519
517
514
513
513
508
509
514
517
526
533
536
547
552
559
564
566
562
563
560
557
545
540
539
539
540
533
532
542
549
561
568
584
581
579
573
573
572
563
552
554
548
543
540
537
533
530
525
524
524
523
558
595
613
624
620
608
619
612
620
614
610
600
585
575
563
550
541
577
613
641
621
609
600
594
588
587
580
581
587
588
593
599
607
617
630
581
609
638
605
597
588
584
577
574
569
570
569
567
568
573
576
607
639
659
669
630
621
611
600
594
577
567
562
559
554
555
557
562
573
595
619
639
659
648
645
618
610
600
592
589
580
573
566
562
556
551
544
545
545
543
562
593
625
625
613
600
588
577
570
560
551
545
532
531
527
523
522
523
524
541
611
682
635
635
623
606
598
588
585
588
587
590
599
596
594
595
578
577
576
569
570
558
