660
664
734
804
798
751
713
700
750
791
805
769
798
807
820
883
947
901
842
895
920
918
861
885
951
995
895
844
921
949
859
827
919
981
951
880
907
976
939
879
820
891
970
993
900
877
863
815
853
907
885
811
830
797
732
744
742
803
865
775
699
635
618
671
724
738
743
738
792
799
764
708
793
878
943
905
900
877
891
908
919
903
897
863
833
866
920
883
946
965
870
850
872
877
820
761
795
790
832
894
957
934
972
946
883
877
868
883
820
881
906
910
869
900
881
828
858
888
909
877
918
919
831
880
814
826
824
773
824
843
820
834
804
852
869
827
827
824
800
859
808
789
778
777
781
747
807
867
861
819
816
824
804
840
876
923
906
916
916
869
877
862
833
878
887
873
885
925
865
848
897
897
916
979
918
847
890
909
865
901
908
821
870
921
941
991
992
931
948
919
857
904
913
899
970
982
931
947
961
923
954
940
877
899
953
913
955
940
868
814
802
860
845
883
893
849
897
882
851
911
921
870
925
873
823
881
888
866
917
953
899
918
906
867
880
903
843
899
903
878
904
936
904
869
920
875
879
934
956
893
941
927
873
891
891
855
890
910
896
922
930
883
885
866
823
841
885
886
913
915
877
890
891
854
902
928
866
888
859
832
838
843
873
906
909
825
869
855
824
811
841
854
818
867
895
894
836
885
890
875
865
886
904
883
883
894
867
877
866
847
918
944
909
930
912
852
881
793
797
700
637
603
629
697
685
653
633
653
668
668
726
775
781
820
820
762
815
829
814
874
877
819
851
825
794
854
932
914
992
951
888
959
891
874
849
771
789
877
966
956
919
857
795
843
890
872
947
933
906
930
894
811
827
842
874
911
912
935
948
867
862
888
902
831
919
931
838
871
946
864
885
874
803
830
840
800
852
910
871
937
959
890
926
884
857
916
922
842
853
838
820
858
874
862
847
828
796
735
801
821
820
763
775
763
806
858
956
932
887
869
844
781
786
826
826
903
903
867
930
868
890
871
796
789
815
755
837
820
862
906
932
962
942
920
888
803
799
855
796
854
913
849
935
976
939
926
902
850
862
923
862
951
984
999
1015
920
896
862
800
861
841
925
997
917
952
869
858
898
901
864
897
926
879
911
899
802
842
895
833
926
897
867
837
851
822
874
882
857
902
853
930
900
834
786
725
667
758
850
909
890
825
856
858
788
836
859
829
904
858
843
884
847
864
872
838
866
872
833
892
875
823
861
884
831
878
818
852
849
792
811
842
780
849
848
799
810
809
767
797
815
809
873
913
866
919
915
821
822
795
750
778
777
759
816
873
884
883
803
724
671
685
666
642
617
601
599
605
622
640
646
659
694
735
808
818
758
780
841
769
752
827
902
855
930
875
836
912
910
842
913
941
919
1006
1025
979
968
988
976
940
986
928
974
1008
