879
858
841
792
766
819
919
916
816
822
802
749
781
858
906
879
841
821
770
813
843
915
835
849
810
780
792
763
799
785
785
774
727
750
752
814
779
824
851
765
804
900
824
842
826
829
764
794
809
787
850
866
826
830
804
829
847
797
819
776
824
796
761
774
740
784
827
855
793
825
866
847
805
826
829
751
745
735
703
706
792
781
875
920
864
849
796
735
774
895
895
854
856
789
833
885
846
854
807
822
776
769
853
840
842
876
878
846
871
790
740
730
725
772
819
811
801
772
714
708
739
828
833
770
744
717
761
824
800
879
834
771
773
789
819
763
841
878
875
860
872
816
770
771
832
881
893
873
768
771
789
758
727
826
910
889
789
803
741
706
696
707
749
867
836
839
809
800
742
736
744
748
884
909
842
819
828
814
750
787
791
740
699
751
814
797
825
872
856
755
740
757
804
819
845
907
896
791
796
785
785
762
795
812
826
793
838
816
775
780
784
818
774
785
794
786
759
770
786
771
731
773
817
842
796
833
853
831
790
785
801
800
811
898
886
859
836
835
757
782
840
863
855
903
802
780
771
766
741
770
776
824
751
775
800
804
858
904
864
778
790
766
757
720
772
851
889
898
840
866
847
813
789
831
867
840
877
919
827
837
865
796
818
810
787
792
793
767
710
776
866
846
897
870
763
759
732
734
774
752
812
756
833
811
876
871
796
842
865
799
801
794
757
711
715
732
770
813
866
805
827
828
755
806
818
770
807
845
820
799
851
814
880
890
809
842
819
838
887
797
770
781
785
908
896
815
840
855
810
771
781
786
771
731
740
744
819
829
786
720
701
712
701
776
838
833
853
815
734
717
728
757
800
874
829
829
812
799
725
732
874
832
782
735
725
747
872
895
890
874
844
796
805
804
774
779
766
765
716
730
771
803
840
849
849
770
821
826
778
745
