619
598
575
573
572
581
578
599
655
700
694
694
655
650
643
597
582
573
555
561
558
565
576
607
647
680
675
647
606
583
579
568
564
580
622
628
656
693
678
652
638
619
603
592
591
594
595
579
580
587
580
563
559
558
556
552
545
541
536
532
531
533
530
532
533
548
579
614
612
607
600
586
569
558
543
552
568
592
635
700
684
659
635
610
592
594
599
592
583
586
588
567
558
545
541
537
528
529
540
544
552
559
558
558
555
540
534
540
555
593
619
616
608
602
587
575
548
552
563
586
626
680
734
688
667
648
629
611
618
623
615
615
581
577
566
565
549
542
532
527
521
523
527
545
555
555
548
546
549
544
536
528
533
548
565
589
603
611
601
578
576
559
550
537
528
519
511
503
506
513
560
668
702
689
689
687
629
625
602
590
589
596
611
620
619
575
564
552
557
527
535
526
525
521
518
518
510
509
505
506
508
506
524
564
613
631
650
618
594
574
558
546
537
534
536
540
561
563
566
558
575
593
592
628
669
638
624
622
602
595
596
443
599
580
573
575
549
549
547
537
537
534
530
523
522
522
518
530
534
542
556
579
610
612
622
638
620
594
575
530
544
590
642
727
724
720
699
670
665
659
654
647
603
592
582
572
559
539
536
530
518
515
514
502
502
501
508
518
537
576
613
651
661
630
587
567
557
543
531
531
723
722
719
711
719
704
709
694
647
579
567
561
539
538
535
524
526
526
534
533
525
532
525
527
524
517
519
521
520
531
553
598
612
619
603
592
572
556
546
546
556
577
614
635
644
638
616
597
599
591
578
583
577
558
546
544
556
572
624
687
666
671
653
635
608
608
610
623
634
579
574
562
557
536
544
524
518
519
518
520
525
530
524
523
530
539
545
547
543
547
559
564
569
575
573
565
564
559
561
564
565
572
579
582
525
537
555
589
607
654
666
616
607
592
578
575
587
602
608
608
606
604
564
537
524
520
523
523
531
541
539
539
535
526
520
516
511
507
513
547
604
652
665
650
625
615
589
592
585
581
554
548
539
529
544
579
623
686
741
700
675
642
612
597
605
628
639
642
605
591
572
544
532
525
524
523
525
534
541
547
550
567
582
