706
680
661
640
625
626
643
682
729
765
798
768
717
692
660
652
654
692
760
866
834
802
731
683
653
652
692
760
799
808
821
797
767
728
713
700
696
722
757
757
716
667
642
621
621
649
701
761
827
828
861
782
745
694
663
650
651
665
699
698
722
709
715
729
691
651
632
631
622
623
636
658
703
784
807
815
795
767
719
693
697
713
739
816
849
815
774
740
719
718
694
711
734
748
741
728
705
723
702
689
700
692
685
725
724
723
696
679
676
674
684
722
761
776
773
723
698
678
677
673
690
745
795
693
651
630
610
614
657
676
696
702
727
730
717
733
735
716
695
698
690
677
667
634
630
619
654
699
718
698
688
662
661
655
646
639
623
613
615
636
722
786
790
746
693
662
640
621
619
643
708
770
761
723
682
641
615
604
602
628
664
695
701
750
760
768
773
768
731
696
653
626
604
592
588
593
594
595
665
693
676
661
637
619
601
586
571
561
558
555
562
578
646
790
779
686
661
648
624
609
617
652
823
783
733
693
660
648
649
687
758
891
875
866
827
766
708
675
672
686
730
764
751
744
730
717
706
682
680
694
715
