617
611
604
605
593
583
586
608
654
657
659
619
593
581
567
563
580
609
663
685
668
656
631
613
595
590
586
594
618
584
582
583
575
560
563
554
556
555
557
555
551
545
533
533
521
515
533
587
653
657
654
595
591
568
571
590
596
586
595
586
577
572
583
563
560
561
560
554
547
548
542
539
542
549
537
547
548
556
557
560
563
574
595
605
613
636
629
629
632
640
634
640
658
653
658
648
627
621
605
591
583
574
575
573
580
587
616
622
627
620
604
581
569
558
554
555
560
581
710
713
678
639
589
561
575
597
622
651
652
640
630
611
603
595
596
604
601
607
578
557
550
550
532
529
526
517
516
510
506
496
497
500
502
517
525
550
588
642
675
686
683
663
642
615
607
596
601
635
700
758
730
695
650
619
601
582
641
654
718
793
771
750
729
665
630
604
602
603
629
665
694
701
683
616
598
593
578
565
557
549
539
537
538
546
552
558
576
581
591
590
592
585
581
586
591
592
594
599
592
585
565
563
547
528
542
578
631
659
688
648
601
578
553
550
524
545
584
600
629
677
692
661
654
629
613
603
606
583
579
584
560
558
552
549
541
540
542
550
558
574
591
621
639
651
575
564
548
542
548
576
630
672
679
679
625
603
565
560
559
547
559
600
636
626
648
647
634
641
645
628
596
583
578
559
544
543
532
530
532
538
554
578
611
608
600
592
582
563
541
565
603
625
629
649
624
615
583
586
566
545
535
537
539
554
577
614
624
630
636
638
653
632
631
630
621
607
578
571
558
550
550
567
575
579
560
562
536
529
526
513
511
504
506
507
497
497
493
491
489
497
512
523
545
563
593
611
602
592
584
557
548
553
561
578
582
584
582
576
582
576
596
637
643
632
611
618
607
601
599
405
606
581
576
568
550
543
534
527
523
517
522
530
553
567
594
615
639
659
652
645
637
620
597
581
580
562
549
543
541
537
545
563
610
683
689
663
631
602
567
548
548
536
545
575
605
622
617
626
622
615
592
567
562
552
549
550
574
592
610
524
696
560
522
536
523
519
518
518
522
518
517
517
521
521
517
523
536
557
587
584
580
570
554
555
562
550
541
529
503
527
674
680
724
709
681
632
599
585
591
593
591
555
551
547
531
521
518
512
502
505
509
511
