619
621
610
594
574
577
577
591
615
628
666
684
676
657
637
628
624
613
624
639
658
689
687
691
686
657
639
637
620
608
597
585
647
729
769
736
758
739
677
644
616
598
595
601
615
648
657
631
616
606
606
586
576
567
558
549
556
545
548
550
552
552
559
543
544
548
550
546
542
544
533
535
550
610
752
719
664
617
602
583
566
561
628
639
664
704
705
664
642
633
620
617
626
653
640
622
623
611
592
574
562
547
539
529
528
526
526
536
544
549
559
580
605
656
677
650
623
598
563
556
546
544
568
755
726
682
657
636
629
655
680
665
638
626
614
594
572
567
554
554
554
559
563
559
554
560
555
552
552
567
587
592
614
597
594
615
604
622
645
634
642
644
636
641
639
635
604
597
596
595
564
564
543
539
532
528
529
523
530
528
530
534
538
538
557
589
621
611
618
606
597
584
560
549
555
569
599
604
582
555
569
596
621
651
649
667
664
628
621
602
589
586
595
505
606
601
610
596
571
562
545
537
536
539
546
551
559
563
552
546
535
513
521
546
587
644
665
634
611
597
587
596
590
613
637
661
672
682
638
623
602
594
594
609
652
665
643
634
620
611
581
567
554
546
542
545
548
550
549
562
577
599
601
603
598
586
579
571
561
569
562
572
594
641
692
683
673
656
620
585
573
558
545
536
544
594
648
678
671
671
642
645
638
620
598
593
584
576
579
585
604
592
590
561
558
546
544
538
536
539
536
532
525
524
531
542
564
586
587
596
587
569
550
525
553
626
663
717
752
711
660
614
596
583
582
604
604
618
632
410
590
577
576
583
558
555
544
534
534
529
531
531
530
537
538
539
539
539
539
536
551
592
620
614
604
603
590
564
554
556
546
583
638
682
771
766
727
676
616
602
581
571
575
565
550
551
548
531
533
528
525
526
529
548
568
596
614
618
598
586
580
578
581
619
656
657
694
659
640
623
600
598
606
626
647
649
631
602
586
577
565
545
524
522
521
533
552
571
577
575
561
554
549
545
534
532
544
553
560
588
628
659
633
626
590
565
545
529
522
510
504
518
557
709
698
680
667
657
624
602
589
586
562
528
510
503
506
524
585
665
586
584
597
614
646
683
697
683
659
649
623
610
621
637
652
622
606
594
547
540
531
528
