638
629
662
636
619
610
616
614
630
637
660
663
646
627
604
587
566
550
557
564
584
633
687
673
664
662
651
641
631
614
606
599
590
593
605
638
682
705
703
684
656
644
633
633
636
664
736
786
797
627
599
588
576
580
600
634
680
705
703
678
667
638
612
606
608
607
599
589
597
725
773
786
746
703
664
631
616
610
621
658
709
762
705
677
652
661
654
654
636
617
598
590
583
593
620
664
674
663
663
636
612
602
601
588
574
585
577
571
567
560
560
564
562
564
567
660
713
696
661
642
616
595
571
565
576
732
743
721
736
780
709
661
629
623
622
646
713
743
696
645
628
617
591
589
579
573
579
583
573
576
580
572
575
577
582
583
580
587
584
585
596
630
684
676
657
673
656
616
574
601
641
713
746
735
692
685
660
642
653
636
606
604
597
579
573
567
558
559
558
566
555
553
550
551
552
596
637
656
698
682
648
638
628
611
606
599
591
580
595
622
683
705
715
679
637
616
603
585
591
613
669
771
730
717
748
689
668
638
622
612
622
637
632
612
610
602
587
568
562
555
556
567
579
582
592
592
631
617
605
593
576
559
579
732
675
632
629
616
643
676
663
682
668
656
657
670
667
677
679
544
651
618
616
577
568
560
549
552
551
551
564
564
586
581
572
562
538
544
565
587
604
608
661
626
629
596
591
638
655
693
680
666
665
653
668
680
669
648
609
604
601
593
580
580
570
564
570
575
572
567
562
571
603
662
717
715
667
643
600
596
580
581
571
579
584
664
720
722
714
677
675
652
647
660
668
631
618
615
604
583
579
565
556
556
553
562
574
600
621
622
597
586
578
568
543
539
535
561
641
670
678
635
616
585
599
618
617
644
671
650
640
638
630
631
624
615
611
600
574
569
557
551
554
559
559
564
568
570
581
577
566
565
559
548
550
568
603
625
614
606
591
666
697
728
714
686
667
642
647
663
674
689
687
636
616
608
595
568
570
556
549
548
549
541
536
539
545
540
532
536
539
536
555
608
690
698
688
674
629
603
586
581
570
584
624
664
699
761
730
668
662
644
630
623
638
638
645
650
604
592
584
575
548
550
535
534
529
533
529
531
535
512
521
530
535
553
